2590
554
2394
2786
2646
6823
7113
623
3722
3633
6212
6424
4759
154
7219
8241
8379
1326
32
6011
1189
456
4972
9176
2639
2870
1406
2926
4456
8955
1245
394
7927
6403
7600
6038
397
1420
9060
3966
2299
6820
782
7232
8212
3389
4098
1251
8804
6648
3684
2713
545
5009
2748
2407
9424
7191
3599
8868
7883
8911
2507
6000
8866
8665
2851
9624
5136
1107
8220
6087
2223
2300
9911
3263
8686
9196
5137
6168
354
3139
2519
4584
1163
1455
3341
8932
649
5857
9137
2229
2222
3858
76
1167
8453
1922
9817
2878
8740
6738
2985
2
1566
1907
2453
7836
9948
8926
7238
7705
925
6373
1842
511
2427
4297
5895
582
5617
5310
5821
2265
7898
716
5223
7501
3898
7208
827
849
8099
4770
3250
2518
9169
9456
2386
6144
1847
1227
1578
3294
9806
8376
5469
7863
7034
3641
8290
6374
6096
6741
6571
2871
8645
3702
726
6562
2105
7537
7793
2152
1716
6188
4881
1467
9727
747
9876
8019
4774
8651
2532
9694
5980
7618
6175
344
992
5190
7142
7419
782
2254
4963
5352
1513
9862
3631
2007
4136
2375
514
8347
3103
5878
5244
7402
400
9723
3603
6236
2433
8278
1518
9154
8127
1789
786
1833
851
4712
7803
318
2532
1473
1389
5652
4094
9078
1419
7443
753
401
3912
8404
1853
6026
7676
5739
2508
618
8441
2676
9072
2788
3150
4945
9088
3328
9548
3618
3709
3575
7128
2694
1129
2166
6896
7122
58
6828
1378
5808
6876
6742
5257
3161
2565
4414
2552
1845
7068
8575
8844
6626
9484
7693
6318
4132
8630
2818
9526
8860
2741
3211
710
5964
1590
9621
2118
7754
8087
4194
3995
8291
9887
5744
6942
866
4223
1660
3450
7649
9255
723
4390
4783
1772
6873
8644
2034
3449
8365
8440
895
1667
3421
5645
9800
2018
38
2805
181
5708
9551
1264
4342
1332
966
9247
9944
820
8443
5448
3334
6710
7868
2541
1250
2889
1504
6488
532
9937
8984
6362
7698
1984
4067
4997
4897
8517
7137
8134
4443
994
2410
3911
2737
4146
5184
2035
2386
4122
6578
5132
109
1232
5571
3114
2004
2025
8362
4948
1458
1415
5675
5716
1886
9571
614
6102
5744
4119
2782
1329
7987
5328
6813
4169
2203
2034
7622
292
1434
4748
2411
7820
206
8781
5840
8276
428
7223
9824
623
8739
2594
1422
9581
714
7013
5822
2263
2316
481
3590
733
134
5102
703
238
8029
1786
6720
2424
9429
6623
6189
4800
2416
7781
4364
8085
84
1528
5560
1616
9024
6187
121
7854
1615
8508
6356
8289
1150
26
5391
884
3147
8325
3784
7358
9295
8197
134
888
7821
1453
2688
4402
5483
8049
1581
7715
865
2374
9148
9232
8288
3529
420
3855
1125
8802
6174
492
9805
5498
7698
7596
8395
780
6896
1200
568
4680
1969
6028
6538
4253
9516
8153
7480
4632
1612
4695
1149
6664
5922
9047
5228
5652
4648
7720
4259
5951
9302
8384
1330
3178
2008
7342
1885
8795
6479
4477
7440
7117
8311
6076
4612
3352
8185
9084
7503
1202
562
4441
2880
150
5124
909
5099
7748
7115
7473
6833
5785
898
5749
2565
5201
6263
1714
5338
2010
3501
5869
2065
8315
8929
8847
5713
7620
1967
1732
7367
6664
3749
1953
3713
9128
520
2329
8646
242
1350
9025
377
2986
652
642
1373
8935
7625
4655
9578
8914
66
2792
2080
5242
8343
47
3692
9244
2502
2137
985
8545
175
118
409
439
1480
3396
5940
2181
1794
5105
1056
7241
4923
1552
9410
373
5237
7999
7300
234
5575
9702
8920
7331
1986
3266
7035
949
7031
6770
4989
9605
8055
6946
9904
2539
8507
4631
7007
2309
3173
4633
6913
4319
9063
1240
3822
7970
1922
3160
6913
10
562
1487
2270
5405
7272
8913
6103
1545
88
1913
2570
3997
357
2795
3773
586
6633
823
3964
1835
1129
7809
6162
531
9560
3967
5542
9878
6954
4979
3160
3899
5628
4538
5613
9984
3603
8052
4199
383
114
7044
2408
5567
960
8682
8232
1358
6490
2735
1653
590
7748
1025
1659
1037
2965
9968
9301
2874
4356
2344
6498
2564
8670
2288
3451
8517
1290
4098
3731
7359
7310
5916
4208
5094
8498
2439
6906
4942
4310
8166
1474
3638
9872
256
901
470
6968
978
5313
1732
4600
7567
6486
4445
8718
5833
8544
5379
8164
8357
53
2914
242
1017
7002
279
2514
2553
827
1971
6389
5347
7546
7436
5252
1064
8792
612
1017
236
354
2623
4606
2543
93
9599
7638
8845
4677
4642
2971
8947
7619
3567
3080
803
2541
5756
7304
7098
2898
852
7391
6783
6086
5367
1928
7967
4875
9954
8462
6951
3921
5872
510
4290
8927
3089
7356
5428
2194
4539
6438
7413
8293
9150
55
770
6370
5852
3612
4800
6200
6073
9276
9250
8798
3279
547
3998
8870
1365
9952
1835
4838
1505
432
7710
2003
8827
2634
3957
1390
228
2973
4883
6884
4504
998
4077
2288
9056
1399
1204
8452
8202
2372
7188
2873
1180
4815
5613
9603
2727
8967
4336
7416
2009
636
60
8513
5734
6599
8777
7426
9336
4504
372
1767
6084
8575
6461
7888
782
7071
5278
9247
48
9839
7613
7599
3239
9347
7155
6071
767
7355
5406
2527
1264
443
947
3987
1577
2443
8504
5413
8108
3871
8018
2568
2586
5513
6858
4554
8912
6253
5573
8353
6034
4902
740
2217
8855
5207
7017
1917
7221
7029
7500
6533
79
4547
637
9662
1900
8958
7722
7024
5258
5898
8771
6940
7090
5676
2940
6389
7182
3785
2995
2945
5592
9151
5523
5295
6053
8211
7016
955
2674
5499
3507
9583
8957
2397
8976
5885
2792
2231
9751
2187
9193
1857
7008
6557
2149
224
3883
6825
94
3724
1870
2071
9771
1476
2416
3656
2552
624
1318
3337
9949
7575
8891
88
5331
5426
934
3174
1955
2256
4950
9085
9713
9468
2225
3891
9162
5917
3134
2016
778
3804
3343
2189
9090
9131
612
2381
8536
8388
9211
7696
6254
1967
9548
246
791
5976
9365
3921
3799
785
4113
5230
3547
1203
7966
7126
74
9579
4574
207
2058
9283
3678
7160
5685
2206
3574
341
2813
2200
2337
6232
3806
1917
5646
513
2163
5609
9477
695
2652
3472
2302
3623
2654
3215
6734
9084
2908
6402
6355
9601
3684
3559
9795
5491
2237
3619
736
7433
6656
9204
223
4088
900
6263
552
7906
9358
635
1600
704
9545
502
6086
8288
387
870
5083
1696
3464
1642
901
2187
2338
4786
5430
3091
1969
9124
4728
1809
1032
2993
1980
3817
840
9447
212
2161
5825
1048
1181
3027
9894
3195
8000
1504
4256
8754
219
9832
8086
8923
1068
6520
1628
331
4974
7747
1417
7304
759
5412
5533
6373
7377
7074
5779
8740
2696
2341
8099
6055
6019
2457
1355
167
2086
4880
4239
665
8935
3005
1967
6398
6752
6638
4856
1242
5172
4649
7662
2343
7237
1211
7752
4138
8534
1228
8412
4246
4189
231
716
4080
1803
4585
7665
1171
1118
2744
7240
4085
5911
8134
8074
6121
6584
7605
9488
7782
7888
1933
1094
1257
8538
429
1136
1990
2690
7214
4747
8901
5770
6942
9605
7227
6573
9020
1407
7717
9378
447
4321
1244
946
1243
9919
1910
2397
5510
2683
2201
7338
1304
2652
1126
6078
8082
4365
3155
6671
1681
8568
8473
5561
6307
7621
5120
6256
3401
4637
2455
7112
5437
6244
824
1730
8534
4327
4251
5831
3001
2994
5962
8393
2946
2117
4630
4472
7444
280
1768
3491
5917
2508
4330
416
8718
7316
8295
9134
6617
1028
6399
8840
9579
696
720
9997
6381
6969
5394
8958
5445
4204
1441
5511
3378
1515
2817
5377
5577
1416
3949
7447
3081
6974
3440
3160
2822
8170
9272
5837
3891
2027
2327
7820
9601
9526
9740
908
3032
5757
8721
889
4771
1489
8534
8266
9297
1717
4031
881
7801
4469
5034
9027
6510
2919
7299
6425
1059
3824
4251
4886
625
7930
1382
3274
4950
4277
4211
1975
8608
7452
7682
3938
1162
2489
818
1355
4807
4139
2216
112
461
5831
6806
5535
1411
7373
1307
7739
1358
7613
6952
2689
6856
8506
3075
8700
8867
6189
9679
8597
8940
6589
8556
4687
8595
6237
5547
7362
3114
742
4148
8166
6461
3287
267
2163
401
7914
8161
7206
975
2570
2007
9702
4498
674
4216
3560
2847
663
9831
5760
3430
1016
3223
8457
6534
1460
266
5687
3141
9565
9436
4410
1424
9852
2864
6454
6271
5430
3387
8129
9885
3117
3264
2573
1175
826
7212
1591
7715
7257
5876
3566
2723
7429
3627
2072
1002
3814
663
1921
2910
9193
518
1414
4766
2703
6798
6609
918
1351
882
5317
4625
6144
6556
4765
846
4202
7303
9728
4247
765
8236
2776
5501
4765
2848
2787
6280
1420
7179
5705
622
5984
8204
3248
2465
3175
5179
7644
3646
423
4607
2314
7218
2699
4161
399
416
6587
2561
9181
2546
4603
5480
966
4460
8039
5726
3204
7671
8253
3932
4568
812
2380
3364
8257
446
2300
336
5231
6702
702
1352
1400
6249
756
2041
5947
8661
9844
9426
2660
5436
4650
9232
3600
3096
5580
1005
817
1503
3521
7028
6692
9265
6900
6936
752
6736
806
2117
7394
1438
8018
3511
9127
8558
7989
6442
233
8996
846
8866
6078
5070
3714
3724
1261
615
9027
7493
163
5130
3361
9017
7077
5332
3073
8222
3783
4845
814
5747
7276
3848
1517
6307
5246
2008
6230
8990
7201
2245
2544
2985
9619
1856
1531
6245
2423
8100
564
4062
7282
9694
836
1669
5845
1310
506
9360
4668
9309
6907
3968
374
97
1959
5027
6551
5488
7005
6060
8682
2178
1202
6720
4971
4457
1998
4993
5140
4037
151
5184
1414
1827
3170
5967
6538
8598
2119
5317
1160
2921
597
5973
72
3764
6806
6097
3032
8909
8772
3243
8862
6128
3628
2301
9789
5330
5938
4618
5357
1555
6597
932
3302
4722
7284
6574
3981
1541
5841
1125
3587
7801
2021
4635
4874
7527
5140
468
6186
440
4146
5349
7043
7146
9943
329
467
5186
9407
1750
8602
8421
2021
4208
732
7058
7025
5676
1958
9123
1215
184
2709
6020
2082
345
5636
7010
2120
7460
9012
7576
5440
865
7649
7381
8042
4237
4899
8530
7086
2239
1058
2579
783
7981
1918
1309
401
6368
5533
2199
5561
5958
8022
1747
308
4406
5565
9710
2379
9225
3248
534
4661
263
7458
1932
4669
287
2486
8122
6118
1148
1263
6615
8860
820
9349
968
653
962
5962
9033
9511
279
6061
1869
3156
108
1295
7763
2164
747
2132
553
7977
463
3901
2229
4345
345
1364
513
5039
4452
5639
4983
2771
6892
1480
3325
6875
3754
1316
5299
1474
2275
9331
7067
9544
4418
3504
3480
1035
5378
2106
5434
5716
7601
1225
8184
7669
6337
8404
3280
4849
8417
7427
2315
9580
428
3809
8388
6165
2720
7556
4074
5937
3906
6304
1812
9787
1824
6297
6581
3560
8230
6648
8465
3439
9797
7103
6046
249
5793
9216
9486
709
4682
523
7884
4128
8494
2262
5493
4243
588
2994
313
701
1036
2492
3297
1122
4958
594
3124
3156
1088
7974
9493
5329
6083
3255
9471
9310
9072
910
1524
242
5175
3942
8369
5638
9289
2577
9463
2060
3767
6598
1910
6876
1289
6607
8042
8791
1204
738
4874
1014
262
1502
1087
8035
244
4825
2290
7082
9366
9335
4505
9697
2736
9054
2324
38
2772
8152
8914
9192
7879
4152
329
584
7890
1632
822
8353
7162
7890
8242
1638
7665
9686
5142
2364
5278
6540
7440
9112
5467
1843
102
7785
9421
2345
8474
408
41
2195
3487
7679
7765
2095
5515
6793
5197
6520
4670
8905
3112
1099
8738
2845
810
952
9043
1588
5098
3786
800
7021
3463
1754
1010
146
9270
2656
189
2069
5023
1116
3846
6490
4714
6453
6516
1014
2100
1728
9177
2629
1318
7299
2050
2994
7271
5226
3965
371
1137
1529
2891
211
3346
3891
2646
2116
2772
2251
5477
3652
4478
8361
8910
1520
1996
3904
9787
9303
5853
1981
9424
9712
492
3010
6811
6525
2994
1172
2109
306
5737
7090
3337
1393
9636
7351
5290
424
9629
7442
2521
9870
5230
580
1392
5593
6565
713
9193
1028
3778
9674
4282
1727
1330
2642
2453
2887
1217
8960
3930
8216
3228
1213
7473
9360
2453
1663
9173
1493
5994
5196
5842
5978
2472
3155
2259
8462
123
3800
3237
1637
1561
9774
880
2716
8209
186
9655
375
3550
1957
910
6781
7152
8690
6971
7910
7517
6161
5552
8676
7235
7603
8440
7776
4226
8511
3504
4038
8056
4132
5064
8819
2188
7680
2906
2574
4719
289
5434
597
4432
3338
1086
3913
7503
504
9216
6925
3380
613
5010
5019
7937
3565
9650
4376
5813
2271
6446
1465
4963
1638
7993
1878
9778
5833
9535
1965
9206
2720
4213
7402
8367
6712
7988
4453
3488
1688
696
2365
1426
1829
3620
500
1898
947
8984
8203
3689
1565
9590
8512
1891
4759
4449
7892
211
9873
967
178
8156
9599
593
6253
5458
2727
6168
4633
3531
698
5306
5197
3104
9815
5709
3719
6600
6125
596
2224
4375
2255
768
2641
7410
3661
9800
7255
6039
9712
1195
8964
2811
2629
1045
390
1411
5231
3969
5915
2503
38
4351
5237
8228
1620
9398
4042
4274
1666
6043
2719
7221
4478
1603
3783
5463
9792
1285
3670
4342
1230
2467
1467
3625
6940
6682
9133
9225
2343
7992
8389
7262
1172
3774
7309
2216
7492
6599
9463
3599
2492
1528
3745
7181
4338
3671
487
7514
2490
6321
1386
568
7346
3590
3296
272
7242
1560
2347
3036
8153
5861
4606
8343
9611
6928
2318
2242
9183
7479
7669
2473
5873
656
973
2037
3907
646
6539
8707
4513
8659
7961
7461
8645
6093
4217
567
3368
6070
4903
4276
1019
1759
4047
1034
5989
9037
7246
4924
9949
463
509
9703
4202
8910
5083
9639
2297
1685
7114
8938
9903
532
1502
8901
5519
8064
3697
8150
3038
6317
8826
2746
8038
9822
350
8768
8824
8268
1320
8637
1781
534
9526
1617
7759
4712
68
6202
4587
9743
7085
9015
6122
507
3422
6064
4328
8614
2589
6501
6324
7508
2842
5540
9505
6283
2390
5263
4525
9126
8145
7356
8176
8165
5960
3759
3639
2822
3231
8005
4594
490
8250
1731
2987
7329
5683
8494
168
2343
6983
2156
5650
2260
7298
891
5526
94
4892
7920
6316
1826
3571
659
5831
7619
2443
9817
2364
6481
2420
4162
406
1694
9339
9092
5433
4381
9092
5800
2406
3180
4358
5331
1327
7828
3079
4328
9403
9534
5050
7819
5308
8457
2293
953
1247
6953
4072
3767
6804
2497
6027
4920
3311
9380
6008
2323
750
5224
3929
420
3611
7773
1891
9922
8788
4413
1619
6977
3178
2836
2519
793
3271
5746
4016
6246
8595
6942
2870
7729
2184
7853
4061
2287
8869
2292
840
3561
6880
9754
7627
396
623
9329
3684
1809
3049
1319
4893
2799
3161
328
2811
6352
6019
7830
7291
1842
1850
7691
2254
1343
8848
2478
6001
9407
8607
8501
8883
5228
8584
3578
7089
9366
6250
9313
772
8856
2550
2489
3725
1355
1633
5057
2207
1530
2793
716
1214
1413
955
4792
8103
7929
5028
2635
2944
2256
1094
7104
1041
7894
1278
4177
835
8268
340
212
1112
2608
5315
2043
3948
2268
5145
6631
74
8733
2417
6125
5425
1463
4591
396
3225
7256
8539
1997
993
4106
5330
2684
6219
6877
9962
6438
2394
3636
405
8307
6826
6591
8951
1511
7473
761
3451
147
1012
7891
1602
2113
2877
4096
2942
9376
4588
1074
5087
7180
7868
2134
7355
6386
4711
3947
291
4354
1373
376
6532
8134
5265
8014
7259
4290
6756
4892
573
7261
9318
2610
6646
9679
7065
5945
4928
5931
1625
353
5494
3903
3529
810
6409
4841
6512
7319
7507
397
7924
687
9242
2484
5173
6070
8087
1191
7565
8316
9272
5116
679
1252
7267
6160
7566
312
972
9750
2391
9739
2937
5294
4017
4671
8771
8474
5771
7192
7504
606
8279
2369
3327
710
2223
9165
9939
7659
6213
1985
1044
7417
7711
5856
2
4603
1730
9494
4700
1544
2942
8634
8480
1891
1451
9390
1155
1501
1874
216
227
6733
3679
8822
2315
419
9014
9389
3671
9321
5091
7987
8889
3355
5494
4910
2043
2697
223
2460
6774
8586
7959
7348
5538
6099
191
5165
2847
3625
7292
2254
4580
6867
6980
3510
1237
243
610
3581
5258
903
1600
8474
4542
8683
3269
8886
7398
7233
9789
2704
6595
3636
1817
3715
2649
6041
1750
6102
8032
1110
8034
2850
746
4808
508
2729
5559
9840
699
2260
8566
7309
4755
5662
8477
4640
4435
7472
730
7948
2178
2092
9531
477
8588
6478
3467
3402
4343
3599
3470
2942
3195
1836
5103
6227
3745
3911
6087
9888
970
5164
7041
853
8580
2903
2668
9027
7625
4036
4593
6450
760
5319
2453
3917
3736
6365
6769
2817
7802
9122
6352
198
7103
4420
8073
8669
5642
6248
8526
2091
8967
4012
2020
8484
411
8077
5060
2364
94
6698
5585
4522
1143
4376
3739
5326
726
551
3683
6324
2504
5269
8144
3913
1014
562
737
9853
6767
68
8388
9178
7464
6972
7191
1797
3665
200
7869
4498
1562
7258
3731
5820
5013
2393
7731
8789
6109
5430
456
5067
9368
4706
9044
4445
7577
9438
9295
4908
9929
1300
4385
2133
631
5892
4129
7021
9533
5584
2046
766
3141
9500
4174
8642
2908
5329
3046
4957
1670
6609
1226
3135
2626
160
7989
7642
4671
3905
2298
834
2319
398
9500
8499
7867
7372
6764
567
9752
8910
4513
3063
3944
8121
8876
4225
4835
6440
7036
2732
1656
8912
5247
6488
4287
5495
5419
377
1569
1569
6188
2038
601
8955
2686
4076
4429
1692
1374
713
7672
4920
9228
6006
8938
8103
451
2916
5187
118
252
4810
3403
3612
8592
1261
741
9103
3277
8850
4469
3719
6987
3104
3056
5860
4399
154
6339
6652
4896
5915
6119
3960
584
3538
8323
2575
9405
5233
595
8051
288
2144
2247
1195
757
9927
5087
512
6709
9212
2037
3628
8608
7721
8507
1135
9367
114
2711
5428
6618
6502
2301
9204
13
7860
924
9418
288
3568
9307
7527
3470
6710
453
8598
822
3437
2034
6546
5129
1408
7097
8246
83
9753
786
4870
9982
63
657
8717
8179
210
8432
3894
4914
6660
3564
191
3844
490
1811
8666
2095
1507
8908
4741
5754
1848
9608
2397
6690
1941
6631
9279
5564
4935
8110
4448
1211
4359
1448
893
6341
2182
7274
2405
4193
4185
1691
1205
403
439
212
9956
2731
3328
6500
7761
7643
7088
840
3321
1048
2804
7321
9342
1555
1948
934
1156
1224
9458
7748
1086
2982
2203
434
6408
5488
5707
450
6918
9876
8030
8853
4413
682
4452
3510
9472
5391
9564
4842
175
3827
9780
8310
3034
9679
8576
5794
812
6923
4537
7453
9334
639
1928
7297
3177
7944
7524
1912
2073
5598
2519
6462
8958
4452
3720
7145
908
4095
484
6807
3877
4922
4142
4599
9709
6681
2778
9771
7599
9485
9796
2620
7663
5896
1494
7790
47
3905
1417
613
5093
490
5036
1240
2269
9584
8227
1541
5083
8435
9538
6934
3716
7430
6490
9187
6862
7193
4386
6024
8533
3286
6458
2232
79
8760
9068
689
2722
5523
8501
6946
8084
8128
6883
3002
4163
359
6094
3299
1463
2674
5515
1503
1813
1488
2911
6466
3973
5431
6177
2721
694
9741
2308
2201
8736
6057
4067
2546
6970
5381
5374
2069
5133
6135
6772
2109
57
2561
3697
410
8727
1734
7386
107
7582
3197
518
7757
2506
731
31
9646
2298
6236
617
8135
6073
801
5011
7690
4159
3105
6892
3001
5080
5561
5288
3927
9893
2406
6739
7794
2002
8421
3220
113
1577
168
214
4074
373
3084
2467
8824
8857
8889
8450
4267
8209
7289
7827
2064
8489
1517
7240
9219
2141
9804
422
8210
4753
3150
876
68
5634
2360
4036
4969
1645
3208
8392
6132
9166
9299
5718
1126
8715
5325
8358
5597
4946
3241
316
6621
6992
482
6090
7133
3588
4617
7575
4181
8548
9552
3861
1543
3182
8295
2720
1436
1233
164
771
3264
5229
6840
1119
737
3048
1904
2222
2979
835
8729
5989
8392
9532
296
4137
78
2070
6408
6787
2681
2486
2341
3398
691
190
4393
2336
4049
2159
7621
8560
40
4122
2755
1879
9615
4169
3721
4642
9735
6876
8945
1927
4953
8806
8294
3101
8318
4985
8401
9969
9557
6142
981
3751
144
346
5640
5053
656
766
899
1222
2419
2318
4748
4150
266
1684
7378
6777
6112
3285
1432
921
4424
5876
550
5728
6278
1718
4476
4746
2273
1926
9208
2974
2231
4858
2138
8751
5186
4534
1286
4782
1593
1039
106
1491
4042
5266
977
812
6519
6726
4391
4868
1006
1872
1870
1319
3613
2565
864
5077
534
7845
6726
7382
1743
4150
1880
4877
9341
1007
7110
3520
4611
7958
4007
3799
69
8492
8591
4418
7826
3079
2838
8608
9442
7984
263
9133
8604
7039
8918
5099
122
1971
1974
8773
4865
9558
5210
592
8140
7793
7130
5507
6520
9964
3977
9449
8021
6696
3028
1828
8299
7441
2445
6084
5020
3774
9081
7752
1993
2170
5110
6356
2904
2440
4898
8276
4707
4403
360
7695
9908
3636
9916
4304
3760
391
2665
385
6418
6352
4136
5529
5898
4122
8468
4184
6341
1632
3804
4016
8686
368
8264
2263
8517
1292
6944
2506
1311
3987
2377
9859
3519
4576
7234
30
9700
4561
606
1497
1554
3995
2194
1802
8278
1115
6818
6133
2548
4016
9719
5790
3282
4328
5092
9180
7147
7864
5529
4639
7181
7295
2503
932
3924
2253
2357
8294
7403
1473
7922
2311
271
1760
1756
2415
7255
3933
5760
867
1633
1749
851
1962
4542
7657
7425
7036
5057
8786
2340
573
6212
5296
8792
3865
1083
1139
4524
8495
6861
4878
2619
2531
2721
7385
6108
2927
1573
6230
3142
9194
6596
2950
2728
5211
3689
5949
3913
7007
9055
7363
2267
5530
1996
2636
4421
7322
3805
1307
17
3826
2227
9442
7826
8198
2366
3133
43
5458
6905
9184
236
6560
982
6877
1310
3706
571
8475
2162
1068
9262
8659
4
222
5053
8717
454
9073
8673
2891
1082
5735
7348
4580
9023
8296
8752
2404
9857
2081
1386
2113
5130
5824
2719
81
9597
9406
269
9259
8293
2444
6341
6107
5145
9154
5599
6618
306
4291
1120
4397
5936
3925
5768
3388
9578
9216
3662
1430
2277
4196
1776
4627
9335
4480
3669
4714
2093
2528
4790
6005
4617
5159
4268
8737
2624
2317
2475
8634
2515
5563
8816
8855
9835
1893
2423
3714
2443
3686
497
9275
6609
1458
67
4477
8413
7432
5618
5760
2037
2616
4766
1169
5800
1716
332
5647
7809
9032
5289
6279
7967
110
8283
3203
1235
6926
4714
1550
8457
2916
431
2299
9819
1780
9644
4166
8578
6994
2589
1035
3102
1933
8829
5351
8856
3723
9596
8764
4806
4107
6735
280
8207
9799
9352
1671
2863
1801
1432
3176
6349
7215
7955
3534
3148
2402
3586
5416
3935
7347
1918
6724
1536
999
4236
6671
5922
7429
3204
5615
4757
6141
7511
7813
4363
6668
6864
1325
6185
317
6602
5784
1663
1538
8098
5004
4876
515
1902
858
8172
85
4254
3537
6787
5199
706
6929
7022
2026
5613
9330
2008
1991
6936
5270
5450
4629
7274
7596
5863
2835
2870
8550
6135
8243
1974
2638
946
9871
4295
7876
7328
6976
3556
6091
7038
4333
2120
9909
8996
5809
9054
332
2405
6768
2331
1027
70
2235
2046
3212
9138
5202
5351
1563
2781
9866
5702
9658
1576
8015
1861
3070
869
8892
4329
762
4747
296
4820
3075
4876
7251
9071
7413
533
7681
4103
4372
245
982
8725
2037
8146
7059
6082
7965
8040
8048
4250
4889
1252
747
8160
6720
5073
9648
4387
7831
8336
3241
3776
8644
1741
9463
56
9429
5247
9122
3428
9345
2048
4237
5398
2462
7599
9070
1265
3509
706
4605
3131
2756
431
9354
913
1091
6877
9396
2092
7640
4966
1575
9188
2510
7328
198
5874
836
1373
4810
106
6434
4975
7241
697
1249
5408
154
9563
1468
4689
5992
1168
513
5537
4453
4767
7661
33
6769
9116
7831
3301
4731
2646
7019
1725
1847
7540
1690
2469
9489
866
5343
8106
5409
6566
758
8222
5792
1032
4328
9022
6074
4961
2714
7266
4916
6835
1591
1716
3967
7673
9947
6277
8701
8208
2033
2908
9747
2775
2111
3600
6161
435
2225
8408
1566
1030
643
6961
1415
5425
5491
5089
3354
9959
2278
7817
7869
2851
25
5920
8901
6061
2827
7261
4964
1322
2794
1205
8338
6450
5051
8566
6079
3861
2446
5203
3176
9888
1697
8513
7320
2189
5876
2161
977
3849
492
5360
1467
3785
9324
59
8588
351
8145
6662
6025
7130
4829
9295
9467
2909
9062
2671
7062
6961
592
2929
9574
9484
9240
8502
6522
2164
82
1863
2262
8703
406
6797
3188
4765
9526
5598
219
5464
404
857
8179
474
7345
4979
2391
8112
5529
9954
7947
9710
461
3915
3040
5011
6961
6823
294
8654
9159
940
9634
8833
1739
3305
7697
2309
8193
193
8395
8559
5244
491
8747
3121
8768
9481
1005
5796
8666
425
297
708
9535
73
7728
9436
6914
9342
9236
9124
6138
8486
5693
4632
3203
2027
1753
939
1027
8315
4051
5644
2833
6647
536
8232
1201
5305
3846
240
5522
1130
7766
2092
2812
1202
2427
9040
2916
3425
9435
7965
499
7021
3214
2571
2950
8845
373
6567
5718
9558
6604
3272
1706
7444
5683
1430
1500
8379
2393
9036
1514
2318
6730
3549
3438
9456
3340
7877
2688
7945
772
2034
3706
347
4078
1363
8124
3909
4060
9263
4705
1400
1806
1305
466
2505
1811
2499
2969
6983
4463
8625
6585
5741
7358
1071
2076
2105
4072
8853
1244
2206
8614
9578
903
1222
7572
4103
7005
6109
2647
1565
1340
6442
5584
2922
3310
4655
4801
3687
8128
7284
816
4918
1814
7422
3610
3739
7534
7078
2874
5416
1970
855
4890
5773
9218
6456
393
6127
705
7531
8685
2936
5423
6868
1275
9072
39
990
9861
8635
5945
2267
4083
979
1115
3819
2165
3096
8907
9119
5400
1556
5545
669
9783
8259
2227
743
3876
8851
3168
7304
1287
7001
7041
2750
6854
4021
7749
7342
7686
678
4604
5572
4305
6577
8463
1194
1800
382
6205
859
1946
1811
1017
3769
7270
8837
9954
6668
6766
7004
1171
3291
589
4311
1660
2048
2170
880
1904
8279
7229
2849
8738
8727
8929
5863
665
1780
4010
8229
8651
52
4681
4028
265
9937
9582
698
7175
3630
2446
5857
4320
9326
2214
5114
9495
2305
14
2233
801
7104
4001
6803
7729
7307
7276
765
131
1009
1316
1734
4685
6800
1485
4904
5235
8765
9977
7803
2347
7223
4477
3994
7824
3511
1114
6586
7211
6186
2283
5049
5566
8626
4539
2196
1874
314
8841
987
4868
1353
2798
2920
1964
9096
6573
3374
6238
279
2732
7198
372
7085
2755
544
6956
7151
4963
2832
6222
4243
1049
4071
161
9157
866
76
6222
1866
4993
7850
180
4019
3023
5204
7358
7284
4338
7222
882
8774
5921
3933
908
3513
2887
5178
2586
1358
7991
4883
6089
9380
3023
4587
1376
977
1567
5652
6731
5668
43
7681
5275
8952
3119
4464
1420
6828
3811
2008
7911
49
3104
1680
7289
9155
2354
9184
1188
4908
2686
700
1124
2389
2325
2430
1605
5102
713
9363
6883
544
7408
121
8353
7601
6935
742
9454
1079
4201
6605
3366
5873
4400
6573
2069
1779
3275
555
9297
3616
2561
5169
2088
877
7716
5047
8838
9587
8938
3041
3836
3205
7912
8120
4287
4611
7647
9310
445
207
6588
5964
8885
9518
5418
1678
9782
1504
5179
7202
9048
4803
2151
108
1723
5877
2596
9358
5597
2922
5127
5446
1200
5485
9786
5177
2475
1673
1150
8526
2591
570
6691
2814
8941
5759
8326
4219
8646
1876
5001
973
2643
1758
9785
7029
9222
773
7773
3900
5537
633
9194
7803
1798
8798
5903
3633
3454
9210
5437
4752
6078
2577
406
3193
838
2574
779
1114
6092
485
4318
3637
649
3735
9279
1602
4690
8533
1461
4983
5146
1449
9307
2728
3206
5217
6542
8074
2289
3613
8452
1276
7536
4524
2735
9223
249
4977
9761
8981
1536
5580
9346
3665
930
9798
1008
6429
1286
2781
6519
2234
976
1137
193
5299
1143
6398
6624
9163
2410
2779
4698
8
47
2594
7155
5264
140
6721
9441
3059
5306
7761
940
1145
2486
9445
3605
6574
7545
2260
441
8586
7947
1435
2069
9222
1619
1885
8476
3644
5619
6108
6935
862
3138
5325
7949
58
9081
4758
8851
6589
8018
2747
5669
9477
1613
3674
3957
8491
6757
5300
8131
4753
1043
45
1711
6200
6017
9109
6299
8806
5474
8968
1716
5142
3856
3603
5106
4591
8470
312
2510
1434
8432
1380
900
4302
207
7759
5513
5566
1425
8115
9134
3062
5312
8944
4150
6562
6009
9552
7237
6944
9441
8231
6617
1078
163
1741
3261
8695
2541
8879
427
9154
4524
2386
2482
2875
5764
2938
9976
3646
501
2042
402
5314
4170
1612
9906
3098
4180
884
7537
1970
2278
2272
4701
1064
9234
5331
1684
9976
6661
9154
1937
1005
1790
1310
5366
229
308
1955
7307
2740
6617
8001
3526
7691
6633
4729
1596
5531
2328
7594
855
5572
7115
8204
8361
5491
229
3388
4287
2124
5189
8570
4633
5172
1102
4352
4681
7474
2536
3524
1258
7015
2693
335
7507
8619
1782
9247
1788
4970
4238
2057
3792
2751
4375
1875
2708
3376
3220
2818
2391
6602
1927
8831
4363
1230
3620
2832
7427
3500
5670
628
9372
5871
7025
2974
8753
5370
5991
7621
9609
4993
142
4539
9284
1819
2850
5101
9415
661
5799
4571
4724
3723
9666
7609
3534
3987
1417
7653
8011
507
8535
4986
4682
4564
8197
4964
2775
5758
2309
5508
5212
6103
9489
2118
443
8862
1396
9506
8409
221
2006
3024
1885
6038
2334
9616
7274
2412
8547
376
1017
4005
2788
4287
1243
9119
169
7706
8029
8145
8313
5604
2541
5732
8173
5300
5019
3282
5
7145
3412
157
6793
4905
4651
483
9459
7227
40
6864
5516
4913
7366
2820
5683
491
2440
8647
9957
3256
7612
1435
4409
3805
5491
8241
1308
1403
943
3326
7661
4348
6397
9967
2633
9294
5669
3466
7865
2627
9008
2935
2042
296
3690
3552
7310
1525
1608
261
2721
485
6492
3378
9375
279
54
2149
3220
8403
8013
2251
2788
3409
7598
538
2908
390
532
3012
2744
3969
681
378
4295
5141
8492
1647
5052
9591
5876
2463
2838
1691
2580
9504
2050
1161
479
8440
4687
3862
669
9391
5570
897
6575
758
1291
3051
1168
4920
6584
8138
9820
5872
3193
8720
4917
4795
196
87
1700
3455
9434
5984
125
3117
4105
6861
2038
2259
1235
5995
761
1860
4559
2116
5607
8140
4063
8947
2448
1071
3010
3529
6673
3025
570
5424
3517
5068
1328
8222
5487
1133
2551
3133
1854
1903
5582
3753
2722
2909
6538
2601
310
2850
1140
5569
767
2659
7790
7639
3884
8351
5708
37
8047
5142
241
1998
2251
9544
2631
4100
205
2015
4211
2490
1296
3024
3816
6950
5388
4926
1787
9369
3215
6095
9527
9569
1918
1219
2722
3807
9630
2498
8431
7989
1774
9686
8006
306
3719
5849
5585
3169
7079
5087
5656
4062
3226
2487
4511
8603
2843
4238
4622
4339
8009
8645
9538
5629
7181
7653
5554
7250
1243
2560
3300
290
3943
1049
7809
1796
5162
7686
5574
1309
1125
1797
7340
4675
8757
6845
3435
8530
4456
3702
3595
671
639
860
1051
6763
2932
7184
501
122
2158
2591
5265
276
1666
6087
1114
4108
8460
2072
2510
3135
1151
2215
3401
4575
6409
5961
1956
9121
7850
5869
7546
6644
4455
874
2316
1955
2106
7500
9925
2461
5980
2729
9344
8323
8614
281
8601
1697
8436
1029
4673
7536
5915
8879
9958
3595
2109
243
1506
3201
4442
7452
6227
8427
7449
2905
6107
9999
3128
5986
8169
6660
960
3654
6152
2470
8412
1574
1862
1372
9019
968
407
4904
3508
5716
2347
6687
9194
3411
1885
5098
1136
7626
8606
1772
5022
1713
9106
7350
981
4184
8793
231
2752
4892
9136
6103
6779
4839
4473
597
1544
4998
6424
6063
5808
1887
5120
1155
103
2498
2958
3412
4163
9727
2867
7551
4446
5368
5288
7503
6138
7801
4573
3037
1652
981
114
268
2156
4643
1994
1956
1988
617
9501
1645
7415
7943
3741
4959
2989
2311
187
2711
5244
8483
6410
4524
5936
2488
1460
2691
2862
2234
4733
8368
5365
9768
2661
286
2311
6946
6433
4849
2039
5864
6476
8249
9490
1364
1194
8410
5107
6506
9101
6298
4354
6623
5852
3803
6045
5000
2800
1114
9210
2581
481
3558
699
2414
9793
213
4963
7404
711
2099
1416
3787
2558
8445
8681
2094
4143
1405
1122
3748
829
8982
8030
8266
1487
4387
7036
8145
4547
2475
5957
865
3937
3832
173
3390
750
5608
9928
1370
802
6116
3855
9051
8556
9071
963
1470
1236
7264
3106
1548
9329
4308
1063
1692
1133
4861
278
7706
4773
3520
3208
502
4741
5070
8180
7712
1444
769
9743
8355
8060
4426
9430
1327
9804
5704
7801
3291
2033
8891
7770
2426
4163
7321
9270
414
7980
1697
4547
11
4382
8655
9323
7373
6213
9968
983
3708
7851
8726
3504
4799
5819
2446
2850
3599
5544
2655
8915
2750
6383
1542
9234
7751
7721
1808
9491
9335
5510
6487
8794
7468
2647
6561
917
4285
8122
9109
7791
7483
3243
1248
8563
6839
2169
7943
1774
4932
2311
2974
584
7501
9508
8360
723
9434
2461
7520
2357
7519
881
3175
1075
3030
6134
190
5631
8207
4986
8199
6916
6756
4796
4375
526
4770
6108
1039
191
2165
6704
1211
112
6594
4153
378
3941
7163
6438
1248
1220
2031
7703
824
2391
192
9780
8462
7664
5801
2239
8060
2381
1488
1447
7347
1564
1352
8622
2508
576
8218
9229
6191
7524
1541
9511
5444
6927
9475
540
2985
4298
5790
4335
9156
5614
5763
8585
9032
6705
3429
63
1869
1778
7717
6034
3675
2099
7969
4374
2711
8967
6555
4917
4402
4940
780
1220
4830
7898
2681
4022
6995
4220
6948
48
1937
8255
2629
3150
8294
6233
6075
2324
7922
5644
7565
8694
8377
811
1238
5548
9896
4348
1185
7168
2140
9967
9681
4138
6624
4174
6405
3438
3510
8485
5050
6100
6360
5235
8688
4137
6910
7985
6721
4868
2402
1923
8160
5164
9667
2941
1935
5240
1895
345
9427
9446
4437
8470
2236
2336
9569
1554
815
939
4265
7307
9334
2962
9200
1650
7916
3348
1513
4721
6977
2761
3847
430
5476
1242
34
9217
7762
8529
7196
5219
1914
8047
2292
104
5971
1869
1995
9406
2160
8741
2501
4694
8739
7554
5123
1698
4831
4341
239
5760
914
1978
5911
1158
499
3866
701
6926
3353
4178
6638
7412
9821
7635
5442
1086
8736
6939
2884
43
7231
197
7427
5679
6358
8780
3911
6990
2803
7350
2727
5911
3997
8783
4603
5971
5829
7266
1630
8845
267
8464
6182
4468
7636
2938
7895
4815
9146
9265
805
417
3365
3185
9753
6318
2217
1992
4933
9308
7440
1597
9051
1005
6921
4815
3819
1372
9072
8508
4283
1541
9760
3044
4141
4107
391
1516
2395
9556
4442
7015
2214
9351
1208
6722
8927
922
3267
6223
5445
5077
428
5748
1857
7899
1774
2004
9806
6809
1150
255
1630
2607
7249
2630
6712
1456
1967
6530
7654
6293
1559
4805
5918
1382
1955
9888
8671
363
6156
5255
591
2592
9537
7458
1458
8
7573
5957
6702
835
3526
771
7069
7891
5077
78
2450
3515
5715
1202
9423
9801
4361
9235
3079
4614
2875
4596
3135
8235
4461
2089
7867
7558
310
5519
742
701
5796
5962
993
2178
6513
5616
3808
7032
8053
229
7794
4693
6603
7125
1120
5881
9176
585
8279
94
1786
5588
6281
7455
5917
638
4352
5854
1604
1555
261
5441
9317
6060
4288
4205
5430
1486
3793
694
9607
4369
8767
9574
2912
5956
1503
1356
8189
3887
2919
9046
4279
5978
5267
6434
7956
2332
551
5233
5586
7254
374
5181
704
6737
547
2157
4445
2373
2166
567
1173
5771
9282
9077
697
4950
4229
1307
1583
2317
6287
9031
4794
3404
8758
138
4939
9516
6552
854
2200
2672
9107
1897
9452
4930
1618
6985
2734
7869
5577
6592
39
1388
8371
9835
6558
8658
2761
7373
935
2108
22
7785
5548
9412
6921
3487
5385
6519
4795
2518
238
7929
4290
1356
1985
2327
4468
5978
2786
3166
7712
9740
5955
5691
186
351
3176
5538
3765
3915
7515
2098
886
451
4836
72
5894
6266
3046
6884
8376
7433
6269
8745
2492
4815
4423
1529
8419
3832
8704
752
5460
7536
1139
8527
1230
1002
6542
5804
8175
4620
6757
1416
6293
4046
8730
9826
3315
979
7531
3370
2742
7446
172
904
6248
7321
4279
7118
7909
8186
4065
4251
1676
231
3663
7266
3128
643
424
3578
5664
1433
6557
2871
7708
1297
6614
3177
1097
1153
6447
2419
5694
1814
5139
5791
6832
483
1528
2896
2499
5784
1291
4584
1794
7399
9597
8491
5393
6163
4671
275
1872
1786
6201
8486
2787
5733
3953
5765
8816
1341
6026
9686
2920
1664
4907
388
9786
5860
3074
9109
6869
779
6121
1037
3372
4104
6407
9698
7119
8466
9674
2911
9479
9670
4675
6732
3233
9361
1218
7758
1392
9886
7733
5579
5228
3837
3755
8977
9391
4341
2750
5223
818
1963
2064
2964
2083
3667
5716
366
5290
9255
3601
1334
1597
102
659
8067
4176
6062
498
4924
8640
6157
1655
4186
242
1508
4811
6972
5895
5070
3011
7149
6500
1071
8714
2547
8495
1504
7149
4729
2012
5946
9004
8224
8377
9121
4223
2162
7558
4356
8888
8631
186
7778
344
6043
4546
2494
3444
7087
3818
8214
9849
5550
3953
6176
6205
7572
216
214
3417
7930
1739
7829
5140
9093
8708
1024
673
9600
8748
7402
4028
3079
1620
628
512
6438
3235
3091
6637
7632
3648
2197
2344
2004
5570
5526
2452
8653
3590
1726
8000
4330
4049
1597
5648
7821
4678
1131
3936
5719
9930
1305
2406
5300
39
2683
4104
1571
366
394
9150
2521
7376
4773
2041
70
6095
4776
9748
2008
6464
8992
3002
7503
9172
1357
1945
2817
8183
5785
405
5070
1176
8504
1055
7926
8507
9104
8919
9626
6811
9979
6288
5729
8500
3643
179
5292
3695
6990
7095
1148
9887
450
224
242
1389
315
3221
6391
1551
7890
631
8653
446
7152
4782
886
4359
4379
7990
771
5794
992
9434
4064
3714
5842
9391
1358
588
1569
7877
721
9179
3871
8393
7323
5635
7391
286
5384
1381
5839
4862
1148
2515
1736
7243
8010
8133
1251
5739
6087
3962
3822
7748
5469
9522
6656
4772
2244
9644
9161
484
2670
1164
9741
397
4434
4736
7842
8956
5005
8546
6280
3042
7523
2816
9689
4335
2123
171
6257
1824
1404
7549
9664
9239
9650
2862
6861
8346
70
8856
1213
2158
4541
8634
2341
7125
9248
8330
9868
8357
524
1583
2420
3740
8122
4669
314
6337
5490
8482
4188
1757
1771
5137
5420
9689
7446
7709
9330
761
7244
8568
2118
5146
9477
5884
9742
2552
8651
9482
6308
931
8351
8833
8492
755
810
5442
5861
8538
2133
882
8093
9048
3149
3199
9866
2661
2529
8470
6887
3434
1551
4244
6443
7777
687
5947
5504
3118
8749
8072
1875
2430
6652
4611
6983
2047
7129
5927
2143
6768
1678
8386
7580
5835
6248
6095
6419
3328
1404
9362
1683
6404
5525
9235
5093
8921
6977
3359
9749
496
2092
1868
4224
9148
7501
4732
8638
2505
608
2035
3458
5709
4884
6284
512
2254
8230
2232
1439
1876
637
5033
1359
6640
3687
3711
1916
3532
7220
1392
851
2213
450
6525
116
7927
265
979
761
3944
8456
3727
438
5048
4270
8598
5778
1527
2702
8980
389
7336
7933
9939
7346
804
1470
1262
8167
1570
1424
2054
8210
5493
2038
7285
3718
1686
7143
9409
1679
7877
9863
2691
6658
3322
3494
2553
521
4880
791
4985
6142
980
2756
1735
9333
2490
9056
2297
1438
1842
4125
6089
2251
25
7056
7274
2143
3890
8705
2046
2440
9974
3239
6359
335
6842
6275
5181
1214
7696
6235
5088
6209
5697
1243
4047
799
4986
3079
3416
5034
3700
8228
8512
1653
9656
2151
1973
6071
8546
8350
2418
6190
5605
3438
3891
8789
2464
4701
6714
7048
2288
8593
8177
1047
2150
1288
305
6249
202
3850
2498
1363
7040
6699
7540
1658
2394
3189
1982
1893
5742
6774
2788
8790
1529
1766
8494
5051
5892
8156
8887
8240
5127
33
6564
7447
1547
1925
4374
8442
8052
9200
849
8544
5071
3644
8429
2991
8711
5249
5788
7874
575
3041
6926
2667
2507
4278
1266
1257
607
1624
2174
1565
5149
3011
2144
5146
3945
5016
7158
3932
7071
7875
9355
5498
1544
4925
9635
2942
472
7091
1465
2453
9755
1815
7334
5730
1922
7941
8421
9720
632
5689
8549
9288
5450
3663
1935
5751
4407
9723
5528
4756
1028
602
9561
2393
6291
312
1117
7055
4772
9459
7739
3175
5004
5056
5253
9686
86
4477
8528
4624
3304
999
8725
233
6055
7341
839
8280
6845
6341
2326
2284
9546
4557
9827
5732
4152
9636
7109
6362
7332
5082
2923
7759
1354
3093
3427
7261
7008
9285
8043
328
4806
3803
2150
8711
6683
5845
6113
9154
7412
5229
7430
3372
3017
8900
1936
2195
1584
25
5041
1222
6335
366
449
1334
9916
9084
568
4975
5159
9749
8541
3065
3562
5947
2543
59
1215
192
7364
9439
6643
9581
6689
8668
7689
6471
7258
335
2819
2510
6618
251
4125
8168
4405
8131
2346
3486
2427
2070
2867
9701
1184
9243
6844
3808
1290
6172
3225
612
4858
2071
7314
2652
7455
1538
2275
9326
9511
8880
9863
5421
9512
322
2742
6096
2926
8095
5308
660
2421
7111
6460
2189
7786
7140
9701
435
7885
7203
452
9322
1209
5697
1049
1602
280
217
5182
4273
3072
1197
3574
9917
2898
2099
1155
5439
341
274
2619
2260
9310
6924
891
6710
9748
2447
492
634
3953
8791
3093
2219
5851
8070
7249
8119
5523
2887
6211
6264
1901
5295
2583
2758
7458
4501
2491
9467
5026
1123
2030
2776
6750
6589
3575
7510
9126
1026
3657
7583
926
5905
2742
1645
7174
8814
1393
6723
6745
1525
2089
539
614
6589
1603
3536
9838
3009
2342
7902
8781
4507
1213
9526
8205
4978
8856
6982
4791
5078
4181
56
6203
9000
686
1930
7619
3264
6738
302
6242
1898
4776
7715
642
7904
5888
4675
959
8590
7693
4142
5758
6161
7313
8200
3107
1986
5239
5038
6273
2514
2055
6895
1458
9558
2373
9384
4745
8628
9851
7344
582
8030
7624
8694
1307
1168
8472
4200
4941
469
5223
1877
9693
1998
6321
4549
6855
5765
923
5271
8218
3119
1655
9771
1561
5616
1251
1233
9538
3988
3380
8098
5069
4971
8146
2526
2583
6788
4003
197
2944
9965
4076
170
4977
5338
2005
7156
1890
8260
1037
3255
4859
1316
9597
8723
2889
704
1089
9452
7028
1365
517
9482
975
8790
6317
8545
1263
5972
9368
9123
2095
8351
9253
5605
8355
8604
4213
207
6620
2439
7635
8248
8316
6170
1346
8321
3322
6606
9191
9697
2904
1890
2231
5713
1075
6586
6273
1465
2027
8409
303
4731
8259
3459
3752
1213
1691
7164
3338
7949
8189
9525
9703
1488
8597
2456
7374
7036
2244
7201
5947
9608
7974
6864
5569
1072
9650
6477
4615
6284
4674
123
320
9139
6037
1376
1968
3708
1969
8259
315
230
5244
4535
384
3433
2525
5751
6999
636
5006
3554
2519
504
2630
2234
891
973
2484
375
9334
6148
1358
2849
1780
4533
7067
1982
5218
4553
1293
3769
2161
2498
5171
740
8055
8218
349
111
7319
489
8466
8825
5922
1227
7919
1350
6334
898
5793
5681
5350
1720
9349
4660
2050
1463
3421
647
4520
1660
1350
8517
899
3033
4088
5205
9715
4731
1901
1463
4277
5259
5446
1661
5637
5993
4474
4972
8881
3621
5601
3587
7279
4576
3808
6572
1810
5011
1445
2064
585
6621
7253
3664
2937
7411
9620
3249
4828
2771
9365
7608
6057
283
5811
8966
8070
2072
3584
197
524
8592
3899
6308
9434
8275
2247
1472
7821
1392
8985
6420
2750
8548
930
6081
4155
2345
8127
3985
9787
9660
2813
9289
2460
9887
2625
6973
3792
2113
3350
5369
9336
7018
1416
7085
286
5595
7297
2424
7385
9653
9858
2153
2813
4698
2197
8977
2050
1841
7472
2013
2374
861
2973
9123
5525
9536
455
7402
8600
6284
5303
9631
3931
5707
384
181
2468
5759
6712
1597
8353
1676
6616
7031
2272
2613
5990
1272
9125
1044
4257
1260
8376
2126
1852
4365
1677
7526
5375
228
4152
8433
554
7840
9008
2603
1771
885
8307
9975
7826
1335
9114
6636
8851
1543
9551
5214
5132
8221
1196
2395
1048
1143
6662
4584
419
2448
9578
7754
9423
4756
103
1625
2566
6723
7036
7409
2513
5509
2595
364
1400
4157
6910
7613
3819
9969
1696
5710
9265
792
5696
8396
4686
2101
6874
9649
922
2675
3974
8642
1680
3010
4733
906
5460
3185
3801
3735
6585
8620
1516
9332
546
8920
6756
2215
1351
380
990
8219
5915
3522
6760
5457
747
5599
43
9650
1801
1759
2921
2520
8890
805
6019
2238
2940
3234
5630
2485
1165
8578
5415
1896
5192
191
4213
6418
4481
9105
9406
6079
3267
2195
5676
7280
3543
4124
8593
8899
1080
3820
2249
1779
373
4981
4400
6331
9366
3053
7700
7393
467
4769
9867
8896
8689
1643
919
9030
4975
727
7545
1840
6320
3395
3205
403
8889
3957
2949
5389
9134
385
6640
6106
8648
6171
1708
3115
5914
6234
193
564
9140
4830
4608
6549
6743
1588
6293
1691
3338
9159
5704
2808
7964
2184
1722
4193
1339
9633
4926
4630
1460
9319
5781
9095
2204
3263
3936
6197
4415
8242
6607
6934
6103
195
767
3053
176
4049
8596
6106
7113
8264
9411
1662
6205
2733
1379
3617
1411
6713
3268
279
6978
6965
5441
8865
9337
3400
5075
1168
9055
4717
3750
5967
4550
6088
7471
8594
9397
2154
1102
5113
7046
1235
7280
4137
1404
1080
5641
2013
3898
1781
6416
3513
8656
8772
4699
1904
6007
7519
7741
7302
1904
3170
4509
3800
871
7685
2472
9802
8238
904
3162
6081
2615
2288
8697
1347
1809
1745
8515
1708
2328
2444
6969
6419
7350
7596
3179
4764
750
347
4246
8622
1851
1290
9548
1095
196
5025
3219
9759
114
8243
4672
283
341
5590
1669
1923
8020
5585
89
7238
1732
7335
4455
3068
9036
932
1050
2365
9766
2101
3831
5600
1207
5868
75
4118
1923
8100
4087
760
795
3986
1609
749
7176
2941
6669
5409
5757
864
8227
9363
344
6109
867
6750
7577
3684
4558
9691
9062
9556
2663
5156
1870
9409
3379
1963
6956
695
9148
4316
6703
894
4956
1649
7112
3327
5560
1637
8627
6021
4106
2747
6202
2215
9588
7200
9190
5397
7730
4558
5079
2209
1071
658
3622
753
7291
2096
9401
5922
6635
1157
3847
8063
4545
7214
7341
2289
2670
3047
9823
5833
2213
2118
7779
1821
3698
3370
9675
3023
7899
382
1297
1652
7382
2994
8600
1683
187
6508
4864
4076
1707
8458
6123
4764
7985
43
2094
9166
6487
5135
7658
3555
349
7805
5051
3190
3206
3428
8256
921
1251
643
4396
9428
3012
1196
4060
5856
9291
8326
459
4782
9220
5379
9778
7677
1731
7266
1572
6012
2428
1542
1097
8780
6856
198
2265
4538
7814
1990
972
5324
3441
4421
864
3642
7377
9048
2378
4335
4068
744
4800
8687
958
4760
8950
5355
1711
9914
4711
4211
8372
658
5927
1276
624
5290
9639
6178
8621
5656
7289
9871
4509
6397
4852
6189
1286
4015
8282
5593
2829
9785
2472
4696
2866
1425
7357
9294
1005
6315
9183
636
823
4556
8587
8218
6621
1906
8891
8374
9184
7474
717
5611
9504
4081
7553
1686
5242
8311
7155
2741
7199
7073
6794
2737
583
6646
9376
93
7702
4861
6932
8719
1518
7293
5100
5887
7589
1700
7710
7949
4457
4172
961
1000
9553
2283
8895
4076
3909
7834
1198
764
3809
9832
8128
3761
6678
911
1735
8529
7665
7848
3101
4611
816
2139
4915
6274
2354
1930
824
2752
7391
9998
1773
829
3560
6945
7542
2792
1648
7694
6035
7589
907
9814
4496
5280
645
1157
746
4481
5607
2100
2643
1025
9846
3280
1528
7707
284
9914
625
4422
4026
112
7560
1139
6510
4077
894
1058
2514
9453
1338
3017
8981
2675
6499
4759
1679
9070
6144
6310
6783
7273
8174
4464
54
5186
6323
8692
4057
8574
4848
7320
8403
4427
5084
1537
6698
5285
7854
353
1955
9421
2971
4256
136
8599
7937
1758
7593
7251
4483
3176
6993
6927
9350
1385
890
3243
1339
7907
4131
6429
8895
2366
8721
3765
1759
1808
7428
9475
3295
5949
5116
7592
3613
3153
1483
8907
8578
5788
6973
285
5737
5486
8117
3615
4563
3107
1497
9282
8202
3136
9809
9294
9668
1503
7340
3704
9050
1911
853
6686
1898
1376
9604
405
3833
8965
3447
2213
5229
1226
1490
1970
6699
4448
7044
6559
940
903
4108
9886
3654
9572
8172
4123
8344
4931
6317
9034
1845
5375
2435
4254
3236
3951
8883
1820
6551
5587
5298
8270
668
6864
816
2556
9281
2519
2277
2280
7115
2605
4490
2553
6792
2583
9611
5163
2067
9412
7403
2693
7384
6975
2649
7883
6696
9253
4418
1172
2575
1556
1318
8591
9173
9125
6015
1506
6050
2955
7328
4595
7686
4300
7035
5066
7367
9408
5062
2262
9484
4423
3742
671
5258
7824
812
6109
397
6648
9063
5319
2297
8351
9099
8590
993
1617
7848
7499
1928
4723
9022
3990
8758
5869
3064
585
1949
1927
1542
868
7981
6007
943
7106
2948
9210
6790
4764
1194
3760
2605
7564
6765
1021
2311
981
648
4509
4003
5665
8649
4200
262
5483
5171
5447
823
7022
3297
4966
3841
3725
6444
1226
8773
8117
286
1524
8222
816
1912
9238
7289
427
9378
3094
9636
9610
1393
1761
6326
347
6910
4098
1728
9688
8804
4963
3795
1505
5450
2450
2833
1945
6962
5400
3928
6272
2224
871
1597
1297
2415
5522
6757
2876
5889
7201
8602
87
9686
5588
6363
7873
8687
2840
4645
55
9203
1832
1313
4842
5873
2950
9934
2241
1431
4874
2801
3355
8834
2458
1177
6071
2999
539
4344
3096
2706
3382
4511
9155
1789
6463
5353
8251
9379
7954
1852
5631
2950
31
5179
5362
7150
744
7103
1387
4946
2551
5942
5902
5308
1670
4540
603
1000
1545
314
8485
3053
6319
1517
6390
9935
8649
5929
705
3972
7145
8429
2760
5366
1791
4120
9535
8680
3680
9612
6224
1341
1289
6370
5825
1957
5762
2574
419
2489
1286
1860
2892
809
865
8779
6968
2324
7435
3186
3675
8104
2757
8304
1690
507
3137
9328
8586
3289
5319
8813
1961
8718
6037
8490
8092
1446
9399
9477
9416
2275
759
5869
2150
9440
983
8770
593
8660
1900
6380
4817
4232
1773
414
7197
6700
5581
7852
188
3383
1093
1067
9404
1150
4470
3640
3047
1559
4652
4459
1555
1134
7527
621
5769
5832
3575
41
873
150
1077
4463
1003
5468
8586
2542
9657
2707
7194
1971
1227
6491
3841
1581
3891
1445
3585
5619
8554
736
1002
5576
858
4114
4636
6861
5247
922
7417
1688
8712
6739
1630
548
5553
7276
2227
3017
5046
1558
4305
893
5041
797
8276
571
4660
2219
3105
2387
6158
1465
4265
4194
2487
4999
4462
2260
1294
6302
5926
583
614
9876
4638
4674
8236
239
1905
710
2172
558
1497
5219
4180
8533
2053
9870
5481
8215
9308
1601
6617
9657
1504
2227
8897
9076
2102
5882
8304
1451
5462
9679
5915
6974
6046
9345
802
63
5932
7805
2675
211
2683
3548
3182
2586
9165
6317
1257
2291
3962
9540
2676
3577
584
6595
912
4835
6444
2024
5419
9899
1488
8007
6783
9724
1749
8458
6989
4802
5563
9798
8259
5293
4494
336
261
6502
9315
7296
1419
2197
5396
484
3528
1073
7848
8600
9419
570
7399
9141
5465
1364
4108
9607
986
245
1436
5604
8675
401
1158
9962
8997
6547
4587
2504
2851
5103
1312
1807
9305
2726
194
106
2043
6185
8745
1788
8140
2242
5904
9849
481
2383
6372
4600
3589
6000
4122
1303
2494
5156
486
416
7791
6222
9946
1131
367
9406
6908
1091
2778
7405
3195
1005
5847
4233
595
8550
6394
5618
3918
3693
1723
7380
3198
3649
3558
6582
8776
5772
7060
5250
7027
8288
378
8071
7506
2529
5905
11
4190
2467
838
1268
8568
8245
6243
3961
9197
9055
6333
9668
4426
5448
6895
5899
6914
731
7159
6927
926
7850
1903
9221
5060
9555
2559
9043
3532
1634
4545
9869
6959
9336
4245
5313
3200
8283
9286
6464
6687
6782
2941
398
1436
1282
8453
9835
1721
364
718
9635
1587
4377
8534
7955
4578
7968
8501
3133
2543
5847
7815
5358
8118
105
3199
2046
7772
4502
4714
5191
9842
1291
6802
1481
7211
8755
2533
1742
1994
5918
8933
1578
3872
3586
7681
229
7445
591
2435
300
7316
1191
6459
6900
7980
2030
6892
2705
3987
2750
8710
4246
1150
7150
5796
1933
575
6196
8951
8218
9518
232
9331
3899
844
3404
6519
9939
5700
569
6963
4775
7186
4459
437
8344
4264
143
5653
34
1806
3035
2210
7317
6666
5008
1708
5666
5841
5020
5043
2056
5181
531
2271
8175
9360
3151
4210
3332
3255
3285
1980
1223
4210
8297
8925
354
9331
21
2640
2747
517
2294
7062
3211
8159
1592
8080
6400
1113
7412
1825
96
2814
1814
947
5790
67
7379
3593
4546
1431
5739
214
1348
9771
7819
4780
7018
5716
6087
3846
6595
9359
1622
2634
8626
2036
8638
2361
1054
5518
8642
9530
5369
8122
6857
1382
8560
4638
2033
9492
7299
8956
5475
5528
5590
3510
2297
2840
9239
2292
7773
5328
7761
4133
4580
6438
9840
1042
3963
6528
821
6441
4752
7604
4956
1448
7285
7968
2573
232
2752
412
5968
6429
7814
1852
3125
555
698
7162
8578
6411
3360
1508
9470
4430
1655
3506
1022
9169
8694
923
2861
7825
7638
1944
6594
8849
2496
2393
2653
570
4873
2375
4513
1859
4155
409
4632
8129
1686
8251
6179
1760
1671
9644
914
5331
263
2550
1460
3976
1735
1492
1374
6335
4426
7663
369
7181
7973
1945
7895
7628
2354
2318
4782
3429
9211
791
3993
3409
2549
5825
1074
9436
6538
4286
21
2939
6444
1499
5561
5968
8071
1473
8224
5195
3638
9087
1490
1779
9737
6744
7828
7173
7157
6393
974
1196
5469
959
2126
130
5808
8822
7415
7942
642
3892
1758
9919
7007
7495
87
7520
461
2476
2314
8652
6258
9762
3052
7083
1590
5278
1788
462
9866
9969
7947
9856
1497
6167
8687
285
8141
2625
1706
5959
2742
8677
8758
4422
7383
4131
6916
5648
3281
6172
6822
1979
7428
9679
505
7710
8947
564
6775
2542
759
396
4603
4280
6407
4504
9302
9657
5927
1833
5570
1270
3838
2760
3462
5626
2700
6984
5817
314
3148
9833
5354
5935
6454
8046
8879
148
9464
6752
2364
2254
2582
5940
3271
3980
9856
9658
1098
5055
6931
3032
8520
9068
6547
7559
4276
9264
5015
5309
3374
3348
2757
794
3023
609
7871
3286
3863
8292
9646
5291
1333
9461
6703
9615
8631
341
4811
8150
2706
1543
1387
6485
9652
4721
5723
89
1112
6562
543
345
2363
1222
5348
297
1980
1576
7608
273
6265
3447
3772
8766
5192
6748
6952
887
7714
7691
320
9330
1495
5208
3686
1672
5950
5468
7841
7430
7084
9768
732
2550
2375
5049
241
5805
4811
5437
8520
5862
2013
4325
2202
7055
6958
6027
4091
8435
5442
2229
440
920
801
5931
7917
57
9518
3190
7146
5030
2342
4921
2887
6059
5355
6117
4533
4222
1138
9815
3159
589
3850
1509
5841
2872
8383
7465
5808
154
1853
2028
842
5166
8232
1847
5095
4016
4811
2710
8432
1169
3007
9086
2311
6991
6671
353
1399
9749
3787
8895
8237
4206
7945
223
6136
64
2722
2254
3949
4854
9340
8104
9438
8222
131
4885
396
3445
1406
5189
2570
4192
9472
4815
5700
3452
1275
1093
1792
3880
9852
6813
2931
1217
2819
8636
615
4238
1969
9844
60
1630
2647
6112
221
7999
1580
2460
8692
1920
9535
4730
977
8041
5326
3987
6678
1689
6471
779
2742
2016
2397
2568
7808
9806
9342
4020
4583
2140
9618
9008
5380
490
7173
6348
494
6312
6393
1317
4552
2233
3478
78
8379
9493
8436
1202
1334
8238
7451
4793
1828
6853
1528
2345
5901
1838
6274
3822
9423
6113
2366
8477
5310
3426
7904
3749
3641
2275
2659
8152
1167
857
939
4617
7282
8156
5400
389
1611
547
7294
5927
2703
6688
5011
1655
1632
9463
1961
131
4295
5797
1181
3537
9408
3342
7710
659
5286
7831
1666
1756
2498
1782
9205
9138
6270
2007
8788
8196
2990
5280
5897
3310
1265
2647
3192
4267
9124
210
8169
9674
7207
9200
1302
3268
9701
3430
4584
4061
9902
6060
1741
6409
2823
2681
3454
9073
7237
780
5438
5062
1270
8317
6580
1781
2257
8692
9613
4972
2190
6360
3483
6588
1176
1626
8403
2239
5138
5026
8870
8348
2504
4570
1646
7416
9960
443
1212
4495
2625
3653
3695
5220
3019
4755
6711
8053
9271
1613
3786
2355
1576
2175
4375
9648
5297
6747
5194
6042
8833
4219
3264
5319
4189
9337
9947
1105
4813
5634
5128
5652
2650
1560
2334
3925
6197
1672
9850
3478
2604
3804
5033
3255
9417
5601
9669
7807
9211
1067
356
6828
825
3543
1117
1415
1060
6401
5645
2059
9052
6344
5737
1895
9142
8271
2709
1922
157
4293
6372
9583
9703
487
337
2770
313
3797
6077
9121
5869
3922
4073
2238
3618
1983
903
4948
8069
171
2012
4191
207
1572
5929
8289
8943
1457
3834
3747
5018
5363
4542
7001
7488
2488
6489
2553
5792
370
2662
4589
1535
248
5265
3703
1109
508
5140
7173
5176
5117
6592
1365
8269
2301
8174
9002
2204
550
1766
7727
6756
4072
7744
9307
7263
5158
6250
2518
4311
3682
6378
4316
3017
2278
1588
912
9657
3764
2541
8450
1190
5776
7360
9540
159
3197
1137
73
2390
6117
8529
7678
1044
6062
1714
4718
2573
7753
1116
833
8486
3004
6527
8581
436
610
2201
112
4246
1153
4170
2084
8230
589
6566
7396
9724
9211
4762
6022
3508
1560
7651
6746
3249
8955
4540
554
5809
6825
1319
2225
627
2360
1998
2305
1687
1445
2233
272
5093
8522
674
483
656
6986
7960
7406
4972
7903
5185
7706
5646
4806
4164
8024
5667
4057
502
2614
4372
7294
8594
9679
2744
6686
7870
583
3514
1048
3852
6920
9341
2630
3359
6230
4445
1841
1263
298
6376
7121
8126
3389
9436
455
9067
3939
4755
1887
2391
266
7277
1376
6183
4435
1004
8438
6041
4848
438
5745
2426
6607
5526
527
3111
6550
6116
1016
466
3359
1334
8393
1656
8742
3287
403
2097
5169
