5178
9475
9766
1396
2005
1670
1260
3948
1776
5560
562
2241
5679
4759
5733
892
4306
2672
2298
2926
4028
5335
2628
2332
3624
7772
569
8298
4846
5322
240
1644
6978
1282
221
1465
2925
9976
8192
1457
6881
7851
8139
2224
5559
7083
7699
7971
924
5062
345
8347
667
2404
6137
8751
3308
5156
7442
7735
1566
454
5495
1399
8384
3627
7141
1288
9447
8137
6839
6765
379
4675
5127
8788
802
2024
8022
9659
1281
9691
1309
1030
4704
9108
2500
878
5373
6437
3347
4524
7348
2271
3543
9943
1470
8485
1096
122
4760
305
1241
1481
9478
4294
3855
4213
6598
3271
8293
2765
8681
2070
1935
3400
448
9631
126
7217
9108
8101
404
498
2121
6413
5032
1828
771
1514
7772
7398
5370
3465
1405
2700
8314
9726
9003
2650
5918
110
2681
2353
3357
767
9623
824
1061
3756
1695
8991
9032
6926
3084
7665
1892
3048
9346
5400
9448
7585
5210
8885
8324
4663
4380
5775
719
7666
7602
124
5039
9126
250
7278
9701
5262
3053
3312
246
8565
7550
5681
5521
5062
6517
1600
446
7944
6300
25
356
786
6569
526
8446
3781
3182
2618
222
2329
1806
8370
787
5272
2640
1885
9031
1483
9864
2741
2252
9505
613
6094
6952
4951
5413
9127
414
5237
8288
559
8815
9957
131
8442
6641
6297
9563
628
8975
3309
4421
8229
3297
6331
7459
9845
5133
110
1746
8401
9102
2089
7002
4527
324
2712
9605
3407
4972
6359
900
8419
1538
2082
9294
7857
9892
3293
1242
3765
1592
7717
5072
7948
3249
2918
5515
7551
414
2735
8273
6988
7204
4659
1574
9068
5101
5377
4045
2240
2304
8342
5697
6045
7699
6129
2579
4170
191
3143
8517
4247
2387
1881
1271
3184
171
8483
4655
722
2514
5702
9678
2606
2438
1160
3457
3292
7676
3034
1573
9137
9443
3818
1279
1364
5100
282
3626
4653
8378
2593
3810
2543
9831
3041
8417
1465
5832
9305
8696
5031
3234
1803
241
1230
9533
3904
514
103
5831
3915
1845
1179
6732
5483
9445
1633
6773
7477
8427
9523
302
1218
4890
152
6557
3189
1496
494
848
7264
5726
8245
1301
3046
434
9012
6528
6964
3811
5126
5353
5468
708
3925
2292
1634
9037
4059
9909
6027
5326
8100
7891
8658
2725
664
7660
3533
610
2615
6377
9839
7033
854
2372
5120
4776
1209
9239
8314
4218
3313
7879
7125
5291
6504
7553
629
2093
7947
8628
1762
6090
9880
9151
2921
1483
2087
2396
6193
6520
4813
6893
9040
945
2671
9029
1231
8444
8789
6795
459
3040
2335
7515
7534
1682
3756
7261
1966
4926
8088
3978
6964
2072
6229
4332
2079
7907
1758
9717
809
9570
1480
4643
778
6221
3466
786
2733
8967
1823
4403
2576
8621
3657
8060
6255
7249
9624
9472
9667
9816
7531
6704
3127
4208
8694
5297
2572
9175
805
2736
7933
2456
4416
724
5493
8663
2335
6851
8496
1758
5024
5047
64
5273
2534
4706
369
5552
996
2784
6126
7778
3115
4477
8197
6858
689
4454
2600
3965
5843
1492
102
5761
60
4006
4762
2805
9397
590
8306
1820
6047
2256
4994
3275
2479
2342
634
4198
3866
6343
6566
4102
8242
6361
9332
3966
8575
9220
7035
5230
7281
1257
1834
7959
3956
3907
223
9151
261
7837
3929
7576
1653
1173
9504
2717
8028
8319
4259
4220
1631
2604
9042
2810
6261
6653
142
4595
5047
8626
8045
9121
6550
392
8563
7104
129
8691
3581
2479
1559
3048
9119
8729
1545
6414
3025
4117
4740
8613
3205
6234
638
104
4444
6663
2622
1039
1754
8466
5745
9481
631
3296
571
5256
471
9141
1707
1629
4908
6300
2018
5909
8539
3944
1764
6980
1661
2268
1967
8897
3110
8744
797
2386
9259
4389
2725
2138
671
9348
951
9135
8159
9681
5591
9137
1424
9598
6457
2073
7109
93
4782
7502
8837
5933
4062
1341
7740
7930
4551
4538
8832
2606
500
4610
39
1756
8529
7795
919
1662
2814
1022
8527
3405
6115
6716
4500
7426
9555
9919
3150
4843
5092
8602
8645
5296
9294
5124
3029
8902
3889
600
4442
3795
4476
1408
1704
7731
8555
4484
201
7723
3665
6350
765
3868
2135
2368
7533
8395
3587
1144
4369
5806
6444
9682
275
3289
5724
654
3827
649
6872
8004
3227
3409
397
4565
6470
5556
1275
8372
5437
9426
3238
2405
3971
9206
202
165
9266
6159
8543
6731
2164
1438
3357
2605
5255
5215
1794
4645
9259
3980
6946
8437
4925
7662
5038
2568
4921
4437
1720
2556
8299
1018
3141
7021
2839
3523
7892
5572
427
9495
751
6512
769
1698
1376
1699
7097
9803
5046
8816
9590
4597
3047
2211
5719
5123
8119
1058
473
5087
5946
9826
8603
2940
2391
1342
2131
5194
1039
2052
8191
9531
7788
863
15
820
4300
5452
225
5365
5968
967
6844
5245
672
2102
9313
5016
8466
5146
6606
9722
3802
7137
3686
6912
7412
7054
7742
1333
9264
6157
8952
5282
798
705
2565
3466
2490
2049
3815
8101
6921
9443
9717
171
8037
2279
4787
612
7844
1560
2401
6525
7856
8366
1794
5310
6499
6391
7328
554
450
2439
8317
886
8332
7502
3917
4109
9026
3833
6259
6563
4904
3131
8666
6825
5453
6605
1509
4144
7128
2036
2536
7954
3
7091
3160
8397
8125
432
9680
1905
3499
6843
8343
7293
1886
1564
2398
421
6315
76
2398
4422
7094
7000
5281
6925
5952
8641
9759
9125
132
4391
8989
9663
4860
3815
1
3255
5401
5266
6424
7012
8339
5008
5836
1648
4829
8213
4704
1577
5021
5283
750
3240
2539
3792
1220
928
3592
6106
1801
9721
9776
9752
7638
1581
9139
5970
8211
386
6080
3060
2015
7930
1459
2271
5749
5143
2401
6080
2059
8259
1297
7045
4588
4159
7694
5101
3737
794
8986
3648
6347
5220
9157
7023
6125
2372
9503
5149
135
7111
5322
9294
973
986
9299
