1
3
15
25
39
60
64
76
93
102
103
104
110
110
122
124
126
129
131
132
135
142
152
165
171
171
191
201
202
221
222
223
225
240
241
246
250
261
275
282
302
305
324
345
356
369
379
386
392
397
404
414
414
421
427
432
434
446
448
450
454
459
471
473
494
498
500
514
526
554
559
562
569
571
590
600
610
612
613
628
629
631
634
638
649
654
664
667
671
672
689
705
708
719
722
724
750
751
765
767
769
771
778
786
786
787
794
797
798
802
805
809
820
824
848
854
863
878
886
892
900
919
924
928
945
951
967
973
986
996
1018
1022
1030
1039
1039
1058
1061
1096
1144
1160
1173
1179
1209
1218
1220
1230
1231
1241
1242
1257
1260
1271
1275
1279
1281
1282
1288
1297
1301
1309
1333
1341
1342
1364
1376
1396
1399
1405
1408
1424
1438
1457
1459
1465
1465
1470
1480
1481
1483
1483
1492
1496
1509
1514
1538
1545
1559
1560
1564
1566
1573
1574
1577
1581
1592
1600
1629
1631
1633
1634
1644
1648
1653
1661
1662
1670
1682
1695
1698
1699
1704
1707
1720
1746
1754
1756
1758
1758
1762
1764
1776
1794
1794
1801
1803
1806
1820
1823
1828
1834
1845
1881
1885
1886
1892
1905
1935
1966
1967
2005
2015
2018
2024
2036
2049
2052
2059
2070
2072
2073
2079
2082
2087
2089
2093
2102
2121
2131
2135
2138
2164
2211
2224
2240
2241
2252
2256
2268
2271
2271
2279
2292
2298
2304
2329
2332
2335
2335
2342
2353
2368
2372
2372
2386
2387
2391
2396
2398
2398
2401
2401
2404
2405
2438
2439
2456
2479
2479
2490
2500
2514
2534
2536
2539
2543
2556
2565
2568
2572
2576
2579
2593
2600
2604
2605
2606
2606
2615
2618
2622
2628
2640
2650
2671
2672
2681
2700
2712
2717
2725
2725
2733
2735
2736
2741
2765
2784
2805
2810
2814
2839
2918
2921
2925
2926
2940
3025
3029
3034
3040
3041
3046
3047
3048
3048
3053
3060
3084
3110
3115
3127
3131
3141
3143
3150
3160
3182
3184
3189
3205
3227
3234
3238
3240
3249
3255
3271
3275
3289
3292
3293
3296
3297
3308
3309
3312
3313
3347
3357
3357
3400
3405
3407
3409
3457
3465
3466
3466
3499
3523
3533
3543
3581
3587
3592
3624
3626
3627
3648
3657
3665
3686
3737
3756
3756
3765
3781
3792
3795
3802
3810
3811
3815
3815
3818
3827
3833
3855
3866
3868
3889
3904
3907
3915
3917
3925
3929
3944
3948
3956
3965
3966
3971
3978
3980
4006
4028
4045
4059
4062
4102
4109
4117
4144
4159
4170
4198
4208
4213
4218
4220
4247
4259
4294
4300
4306
4332
4369
4380
4389
4391
4403
4416
4421
4422
4437
4442
4444
4454
4476
4477
4484
4500
4524
4527
4538
4551
4565
4588
4595
4597
4610
4643
4645
4653
4655
4659
4663
4675
4704
4704
4706
4740
4759
4760
4762
4776
4782
4787
4813
4829
4843
4846
4860
4890
4904
4908
4921
4925
4926
4951
4972
4994
5008
5016
5021
5024
5031
5032
5038
5039
5046
5047
5047
5062
5062
5072
5087
5092
5100
5101
5101
5120
5123
5124
5126
5127
5133
5143
5146
5149
5156
5178
5194
5210
5215
5220
5230
5237
5245
5255
5256
5262
5266
5272
5273
5281
5282
5283
5291
5296
5297
5310
5322
5322
5326
5335
5353
5365
5370
5373
5377
5400
5401
5413
5437
5452
5453
5468
5483
5493
5495
5515
5521
5552
5556
5559
5560
5572
5591
5679
5681
5697
5702
5719
5724
5726
5733
5745
5749
5761
5775
5806
5831
5832
5836
5843
5909
5918
5933
5946
5952
5968
5970
6027
6045
6047
6080
6080
6090
6094
6106
6115
6125
6126
6129
6137
6157
6159
6193
6221
6229
6234
6255
6259
6261
6297
6300
6300
6315
6331
6343
6347
6350
6359
6361
6377
6391
6413
6414
6424
6437
6444
6457
6470
6499
6504
6512
6517
6520
6525
6528
6550
6557
6563
6566
6569
6598
6605
6606
6641
6653
6663
6704
6716
6731
6732
6765
6773
6795
6825
6839
6843
6844
6851
6858
6872
6881
6893
6912
6921
6925
6926
6946
6952
6964
6964
6978
6980
6988
7000
7002
7012
7021
7023
7033
7035
7045
7054
7083
7091
7094
7097
7104
7109
7111
7125
7128
7137
7141
7204
7217
7249
7261
7264
7278
7281
7293
7328
7348
7398
7412
7426
7442
7459
7477
7502
7502
7515
7531
7533
7534
7550
7551
7553
7576
7585
7602
7638
7660
7662
7665
7666
7676
7694
7699
7699
7717
7723
7731
7735
7740
7742
7772
7772
7778
7788
7795
7837
7844
7851
7856
7857
7879
7891
7892
7907
7930
7930
7933
7944
7947
7948
7954
7959
7971
8004
8022
8028
8037
8045
8060
8088
8100
8101
8101
8119
8125
8137
8139
8159
8191
8192
8197
8211
8213
8229
8242
8245
8259
8273
8288
8293
8298
8299
8306
8314
8314
8317
8319
8324
8332
8339
8342
8343
8347
8366
8370
8372
8378
8384
8395
8397
8401
8417
8419
8427
8437
8442
8444
8446
8466
8466
8483
8485
8496
8517
8527
8529
8539
8543
8555
8563
8565
8575
8602
8603
8613
8621
8626
8628
8641
8645
8658
8663
8666
8681
8691
8694
8696
8729
8744
8751
8788
8789
8815
8816
8832
8837
8885
8897
8902
8952
8967
8975
8986
8989
8991
9003
9012
9026
9029
9031
9032
9037
9040
9042
9068
9102
9108
9108
9119
9121
9125
9126
9127
9135
9137
9137
9139
9141
9151
9151
9157
9175
9206
9220
9239
9259
9259
9264
9266
9294
9294
9294
9299
9305
9313
9332
9346
9348
9397
9426
9443
9443
9445
9447
9448
9472
9475
9478
9481
9495
9503
9504
9505
9523
9531
9533
9555
9563
9570
9590
9598
9605
9623
9624
9631
9659
9663
9667
9678
9680
9681
9682
9691
9701
9717
9717
9721
9722
9726
9752
9759
9766
9776
9803
9816
9826
9831
9839
9845
9864
9880
9892
9909
9919
9943
9957
9976
