261
359
409
524
527
561
584
587
610
726
764
768
769
964
1037
1040
1194
1382
1447
1611
1790
1828
1925
2157
2290
2340
2383
2412
2528
2622
2639
2647
2698
2800
2906
2970
3024
3088
3098
3273
3507
3775
3883
3885
3961
3974
3987
4046
4200
4233
4371
4382
4444
4727
4770
4785
4851
4854
5003
5036
5071
5140
5150
5212
5697
5831
6064
6160
6504
6541
6724
6867
6867
6937
6964
7151
7337
7585
7681
7774
7908
8215
8248
8313
8365
8433
8495
8707
8813
8983
9118
9240
9288
9350
9502
9671
9740
9788
9887
9942
