2
2
4
5
8
8
10
11
11
13
14
17
21
21
22
25
25
25
26
30
31
31
32
33
33
34
34
37
38
38
38
39
39
39
40
40
41
41
43
43
43
43
43
45
47
47
47
48
48
49
52
53
54
54
55
55
56
56
57
57
58
58
59
59
60
60
63
63
63
64
66
67
67
68
68
68
69
70
70
70
72
72
73
73
74
74
75
76
76
78
78
78
79
79
81
82
83
84
85
86
87
87
87
88
88
89
89
93
93
94
94
94
94
96
97
102
102
103
103
104
105
106
106
106
107
108
108
109
110
111
112
112
112
112
113
114
114
114
114
116
118
118
121
121
122
122
123
123
125
130
131
131
131
134
134
136
138
140
142
143
144
146
147
148
150
150
151
154
154
154
154
157
157
159
160
161
163
163
164
167
168
168
169
170
171
171
172
173
175
175
176
178
179
180
181
181
184
186
186
186
187
187
188
189
190
190
191
191
191
191
192
192
193
193
193
194
195
196
196
197
197
197
198
198
198
200
202
205
206
207
207
207
207
207
210
210
211
211
211
212
212
212
213
214
214
214
216
216
217
219
219
221
221
222
223
223
223
224
224
227
228
228
229
229
229
229
230
231
231
231
232
232
233
233
234
236
236
238
238
239
239
240
241
241
242
242
242
242
242
243
243
244
245
245
246
248
249
249
251
252
255
256
261
261
261
262
262
263
263
263
265
265
266
266
266
267
267
268
269
271
272
272
273
274
275
276
278
279
279
279
279
279
280
280
280
281
283
283
284
285
285
286
286
286
286
287
288
288
289
290
291
292
294
296
296
296
297
297
298
300
302
303
305
306
306
306
308
308
310
310
312
312
312
313
313
314
314
314
314
315
315
316
317
318
320
320
322
328
328
329
329
331
332
332
335
335
335
336
336
337
340
341
341
341
341
344
344
344
345
345
345
345
346
347
347
347
349
349
350
351
351
353
353
353
354
354
354
356
357
359
360
363
364
364
366
366
366
367
368
369
370
371
372
372
373
373
373
373
374
374
375
375
376
376
377
377
378
378
378
380
382
382
383
384
384
385
385
387
388
389
389
390
390
391
391
393
394
394
396
396
396
396
397
397
397
397
398
398
399
400
401
401
401
401
402
403
403
403
404
405
405
405
406
406
406
407
408
409
409
410
411
412
414
414
416
416
416
417
419
419
419
420
420
422
423
424
424
425
427
427
428
428
428
429
430
431
431
432
434
435
435
436
437
438
438
439
439
440
440
441
443
443
443
445
446
446
447
449
450
450
450
451
451
452
453
454
455
455
456
456
459
461
461
461
462
463
463
466
466
467
467
468
469
470
472
474
477
479
481
481
481
482
483
483
483
484
484
484
485
485
486
487
487
489
490
490
490
490
491
491
492
492
492
492
494
496
497
498
499
499
500
501
501
502
502
502
504
504
505
506
507
507
507
508
508
509
510
511
512
512
512
513
513
513
514
515
517
517
518
518
520
521
523
524
524
526
527
531
531
532
532
532
533
534
534
534
536
538
539
539
540
543
544
544
545
546
547
547
547
548
550
550
551
551
552
553
554
554
554
555
555
558
562
562
562
564
564
564
567
567
567
568
568
568
569
570
570
570
570
571
571
573
573
575
575
576
580
582
582
583
583
583
584
584
584
584
585
585
585
586
588
588
589
589
589
590
591
591
592
592
593
593
594
595
595
596
597
597
597
601
602
603
606
606
607
608
609
610
610
612
612
612
613
613
614
614
614
615
615
617
617
618
621
622
623
623
623
624
624
625
625
627
628
628
631
631
632
633
634
635
636
636
636
637
637
638
639
639
642
642
642
643
643
643
645
646
647
648
649
649
652
653
656
656
656
657
658
658
659
659
659
660
661
663
663
665
665
668
669
669
671
671
673
674
674
678
679
681
682
686
687
687
689
691
694
694
695
695
696
696
697
697
698
698
698
699
699
700
701
701
701
702
703
704
704
704
705
705
706
706
708
709
710
710
710
711
713
713
713
714
716
716
716
717
718
720
721
723
723
726
726
727
730
731
731
732
732
733
736
736
737
737
738
740
740
741
742
742
742
743
744
744
746
746
747
747
747
747
749
750
750
750
752
752
753
753
755
756
757
758
758
759
759
759
760
760
761
761
761
761
762
764
765
765
766
766
767
767
767
768
769
770
771
771
771
772
772
773
778
779
779
779
780
780
780
782
782
782
783
785
786
786
791
791
791
792
793
794
795
797
799
800
801
801
801
802
802
803
804
805
805
806
809
810
810
810
811
812
812
812
812
814
815
816
816
816
816
817
818
818
820
820
821
822
822
823
823
823
824
824
824
825
826
827
827
829
829
833
834
835
835
835
836
836
838
838
839
840
840
840
842
844
846
846
849
849
851
851
851
852
853
853
854
855
855
857
857
858
858
859
860
861
862
864
864
864
865
865
865
865
866
866
866
867
867
868
869
870
871
871
873
874
876
877
880
880
881
881
882
882
882
884
884
885
886
886
887
888
889
890
891
891
891
893
893
894
894
895
897
898
898
899
899
900
900
901
901
903
903
903
903
904
904
906
907
908
908
908
909
910
910
911
912
912
913
914
914
917
918
919
920
921
921
922
922
922
923
923
924
925
926
926
930
930
931
932
932
932
934
934
935
939
939
939
940
940
940
943
943
946
946
947
947
947
949
952
953
955
955
958
959
959
960
960
961
962
963
966
966
967
968
968
970
972
972
973
973
973
974
975
975
976
977
977
977
977
978
979
979
979
980
981
981
981
981
982
982
983
983
985
986
987
990
990
992
992
993
993
993
994
998
999
999
1000
1000
1002
1002
1002
1003
1004
1005
1005
1005
1005
1005
1005
1006
1007
1008
1009
1010
1012
1014
1014
1014
1016
1016
1017
1017
1017
1017
1019
1021
1022
1024
1025
1025
1026
1027
1027
1028
1028
1028
1029
1030
1032
1032
1034
1035
1035
1036
1037
1037
1037
1039
1039
1041
1042
1043
1044
1044
1044
1045
1047
1048
1048
1048
1048
1049
1049
1049
1050
1051
1054
1055
1056
1058
1058
1059
1060
1063
1064
1064
1067
1067
1068
1068
1071
1071
1071
1071
1072
1073
1074
1074
1075
1075
1077
1078
1079
1080
1080
1082
1083
1086
1086
1086
1087
1088
1089
1091
1091
1093
1093
1094
1094
1095
1097
1097
1098
1099
1102
1102
1105
1107
1109
1110
1112
1112
1113
1114
1114
1114
1114
1115
1115
1116
1116
1117
1117
1118
1119
1120
1120
1122
1122
1123
1124
1125
1125
1125
1126
1126
1129
1129
1130
1131
1131
1133
1133
1134
1135
1136
1136
1137
1137
1137
1138
1139
1139
1139
1140
1143
1143
1143
1145
1148
1148
1148
1149
1150
1150
1150
1150
1150
1151
1153
1153
1155
1155
1155
1156
1157
1157
1158
1158
1160
1161
1162
1163
1164
1165
1167
1167
1168
1168
1168
1168
1169
1169
1171
1171
1172
1172
1172
1173
1175
1176
1176
1177
1180
1181
1181
1184
1185
1188
1189
1190
1191
1191
1194
1194
1194
1195
1195
1196
1196
1196
1197
1198
1200
1200
1201
1202
1202
1202
1202
1202
1203
1204
1204
1205
1205
1207
1208
1209
1211
1211
1211
1212
1213
1213
1213
1213
1214
1214
1215
1215
1217
1217
1218
1219
1220
1220
1222
1222
1222
1222
1223
1224
1225
1226
1226
1226
1227
1227
1227
1228
1230
1230
1230
1232
1233
1233
1235
1235
1235
1236
1237
1238
1240
1240
1242
1242
1243
1243
1243
1243
1244
1244
1245
1247
1248
1248
1249
1250
1251
1251
1251
1251
1252
1252
1257
1257
1257
1258
1260
1261
1261
1262
1263
1263
1263
1264
1264
1265
1265
1266
1268
1270
1270
1272
1275
1275
1276
1276
1278
1282
1285
1286
1286
1286
1286
1287
1288
1289
1289
1290
1290
1290
1291
1291
1291
1292
1293
1294
1295
1296
1297
1297
1297
1300
1302
1303
1304
1305
1305
1307
1307
1307
1307
1308
1309
1309
1310
1310
1310
1311
1312
1313
1316
1316
1316
1317
1318
1318
1318
1319
1319
1319
1320
1322
1325
1326
1327
1327
1328
1329
1330
1330
1332
1333
1334
1334
1334
1334
1335
1338
1339
1339
1340
1341
1341
1343
1346
1347
1348
1350
1350
1350
1351
1351
1352
1352
1353
1354
1355
1355
1355
1356
1356
1357
1358
1358
1358
1358
1358
1359
1363
1363
1364
1364
1364
1365
1365
1365
1370
1372
1372
1373
1373
1373
1374
1374
1376
1376
1376
1376
1378
1379
1380
1381
1382
1382
1382
1385
1386
1386
1387
1387
1388
1389
1389
1390
1392
1392
1392
1392
1393
1393
1393
1396
1399
1399
1400
1400
1400
1403
1404
1404
1404
1405
1406
1406
1407
1408
1411
1411
1411
1413
1414
1414
1415
1415
1415
1416
1416
1416
1416
1417
1417
1417
1419
1419
1420
1420
1420
1422
1424
1424
1425
1425
1426
1430
1430
1431
1431
1432
1432
1433
1434
1434
1435
1435
1436
1436
1436
1438
1438
1439
1441
1444
1445
1445
1445
1446
1447
1448
1448
1449
1451
1451
1453
1455
1456
1457
1458
1458
1458
1458
1460
1460
1460
1460
1461
1463
1463
1463
1463
1465
1465
1465
1465
1467
1467
1467
1468
1470
1470
1472
1473
1473
1473
1474
1474
1476
1480
1480
1481
1483
1485
1486
1487
1487
1488
1488
1488
1488
1489
1490
1490
1491
1492
1493
1494
1495
1497
1497
1497
1497
1499
1500
1501
1502
1502
1503
1503
1503
1503
1504
1504
1504
1504
1504
1505
1505
1506
1506
1507
1508
1508
1509
1511
1513
1513
1514
1515
1516
1516
1517
1517
1517
1518
1518
1520
1524
1524
1525
1525
1527
1528
1528
1528
1528
1528
1529
1529
1529
1530
1531
1535
1536
1536
1537
1538
1538
1541
1541
1541
1541
1542
1542
1542
1543
1543
1543
1544
1544
1544
1545
1545
1547
1548
1550
1551
1551
1552
1554
1554
1555
1555
1555
1555
1556
1556
1558
1559
1559
1560
1560
1560
1561
1561
1562
1563
1564
1565
1565
1565
1566
1566
1567
1569
1569
1569
1570
1571
1572
1572
1573
1574
1575
1576
1576
1576
1577
1577
1578
1578
1580
1581
1581
1583
1583
1584
1587
1588
1588
1588
1590
1590
1591
1591
1592
1593
1596
1597
1597
1597
1597
1597
1600
1600
1601
1602
1602
1602
1603
1603
1604
1605
1608
1609
1611
1612
1612
1613
1613
1615
1616
1617
1617
1618
1619
1619
1620
1620
1622
1624
1625
1625
1626
1628
1630
1630
1630
1630
1632
1632
1632
1633
1633
1634
1637
1637
1638
1638
1642
1643
1645
1645
1645
1646
1647
1648
1649
1650
1652
1652
1653
1653
1655
1655
1655
1655
1656
1656
1658
1659
1660
1660
1660
1661
1662
1663
1663
1664
1666
1666
1666
1667
1669
1669
1670
1670
1671
1671
1672
1672
1673
1676
1676
1677
1678
1678
1679
1679
1680
1680
1681
1683
1683
1684
1684
1685
1686
1686
1686
1687
1688
1688
1689
1690
1690
1691
1691
1691
1691
1692
1692
1694
1696
1696
1697
1697
1697
1698
1700
1700
1706
1706
1707
1708
1708
1708
1711
1711
1713
1714
1714
1716
1716
1716
1716
1717
1718
1720
1721
1722
1723
1723
1725
1726
1727
1728
1728
1730
1730
1731
1731
1732
1732
1732
1734
1734
1735
1735
1735
1736
1739
1739
1741
1741
1741
1742
1743
1745
1747
1749
1749
1750
1750
1753
1754
1756
1756
1757
1758
1758
1758
1759
1759
1759
1760
1760
1761
1766
1766
1767
1768
1771
1771
1772
1772
1773
1773
1774
1774
1774
1776
1778
1779
1779
1779
1780
1780
1780
1781
1781
1781
1782
1782
1786
1786
1786
1787
1788
1788
1788
1789
1789
1790
1791
1792
1794
1794
1796
1797
1797
1798
1800
1801
1801
1802
1803
1806
1806
1807
1808
1808
1809
1809
1809
1810
1811
1811
1811
1812
1813
1814
1814
1814
1815
1817
1819
1820
1821
1824
1824
1825
1826
1827
1828
1828
1829
1832
1833
1833
1835
1835
1836
1838
1840
1841
1841
1842
1842
1842
1843
1845
1845
1847
1847
1847
1848
1850
1851
1852
1852
1852
1853
1853
1854
1856
1857
1857
1859
1860
1860
1861
1862
1863
1866
1868
1869
1869
1869
1870
1870
1870
1872
1872
1874
1874
1875
1875
1876
1876
1877
1878
1879
1880
1885
1885
1885
1885
1886
1887
1887
1890
1890
1891
1891
1891
1893
1893
1895
1895
1896
1897
1898
1898
1898
1900
1900
1901
1901
1902
1903
1903
1904
1904
1904
1904
1905
1906
1907
1910
1910
1911
1912
1912
1913
1914
1916
1917
1917
1918
1918
1918
1920
1921
1922
1922
1922
1922
1923
1923
1923
1925
1926
1927
1927
1927
1928
1928
1928
1930
1930
1932
1933
1933
1933
1935
1935
1936
1937
1937
1941
1944
1945
1945
1945
1946
1948
1949
1953
1955
1955
1955
1955
1955
1956
1956
1957
1957
1958
1959
1961
1961
1962
1963
1963
1964
1965
1967
1967
1967
1967
1968
1969
1969
1969
1969
1970
1970
1970
1971
1971
1971
1973
1974
1974
1975
1978
1979
1980
1980
1980
1981
1982
1982
1983
1984
1985
1985
1986
1986
1988
1990
1990
1991
1992
1993
1994
1994
1995
1996
1996
1997
1998
1998
1998
1998
2002
2003
2004
2004
2004
2005
2006
2007
2007
2007
2008
2008
2008
2008
2008
2009
2010
2012
2012
2013
2013
2013
2015
2016
2016
2018
2020
2021
2021
2024
2025
2026
2027
2027
2027
2028
2030
2030
2031
2033
2033
2033
2034
2034
2034
2034
2035
2035
2036
2037
2037
2037
2037
2038
2038
2038
2039
2041
2041
2042
2042
2043
2043
2043
2046
2046
2046
2046
2047
2048
2048
2050
2050
2050
2050
2053
2054
2055
2056
2057
2058
2059
2060
2064
2064
2064
2065
2067
2069
2069
2069
2069
2070
2070
2071
2071
2072
2072
2072
2073
2076
2080
2081
2082
2083
2084
2086
2088
2089
2089
2091
2092
2092
2092
2092
2093
2094
2094
2095
2095
2095
2096
2097
2098
2099
2099
2099
2100
2100
2101
2101
2102
2105
2105
2106
2106
2108
2109
2109
2109
2111
2113
2113
2113
2116
2116
2117
2117
2118
2118
2118
2118
2119
2120
2120
2123
2124
2126
2126
2132
2133
2133
2134
2137
2138
2139
2140
2140
2141
2143
2143
2144
2144
2149
2149
2150
2150
2150
2151
2151
2152
2153
2154
2156
2156
2157
2158
2158
2159
2160
2161
2161
2161
2162
2162
2163
2163
2164
2164
2165
2165
2166
2166
2169
2170
2170
2172
2174
2175
2178
2178
2178
2181
2182
2184
2184
2187
2187
2188
2189
2189
2189
2190
2194
2194
2195
2195
2195
2196
2197
2197
2197
2199
2200
2200
2201
2201
2201
2202
2203
2203
2204
2204
2206
2206
2207
2209
2210
2213
2213
2213
2214
2214
2215
2215
2215
2216
2216
2217
2217
2219
2219
2222
2222
2223
2223
2224
2224
2225
2225
2225
2227
2227
2227
2227
2229
2229
2229
2231
2231
2231
2232
2232
2233
2233
2233
2234
2234
2234
2235
2236
2237
2238
2238
2239
2239
2239
2241
2242
2242
2244
2244
2245
2247
2247
2249
2251
2251
2251
2251
2253
2254
2254
2254
2254
2254
2254
2255
2256
2256
2257
2259
2259
2260
2260
2260
2260
2260
2262
2262
2262
2263
2263
2265
2265
2267
2267
2268
2269
2270
2271
2271
2272
2272
2273
2275
2275
2275
2275
2277
2277
2278
2278
2278
2280
2283
2283
2284
2287
2288
2288
2288
2288
2289
2289
2290
2291
2292
2292
2292
2293
2294
2297
2297
2297
2297
2298
2298
2299
2299
2300
2300
2301
2301
2301
2302
2305
2305
2308
2309
2309
2309
2311
2311
2311
2311
2311
2311
2314
2314
2315
2315
2316
2316
2317
2317
2318
2318
2318
2318
2319
2323
2324
2324
2324
2325
2326
2327
2327
2328
2328
2329
2331
2332
2334
2334
2336
2336
2337
2338
2340
2341
2341
2341
2342
2342
2343
2343
2343
2344
2344
2345
2345
2345
2346
2347
2347
2347
2354
2354
2354
2355
2357
2357
2360
2360
2361
2363
2364
2364
2364
2364
2365
2365
2366
2366
2366
2369
2372
2373
2373
2374
2374
2375
2375
2375
2377
2378
2379
2380
2381
2381
2383
2386
2386
2386
2387
2389
2390
2390
2391
2391
2391
2391
2391
2393
2393
2393
2393
2394
2394
2394
2395
2395
2397
2397
2397
2397
2402
2402
2404
2405
2405
2406
2406
2406
2407
2408
2410
2410
2411
2412
2414
2415
2415
2416
2416
2417
2418
2419
2419
2420
2420
2421
2423
2423
2424
2424
2426
2426
2427
2427
2427
2428
2430
2430
2433
2435
2435
2439
2439
2440
2440
2440
2443
2443
2443
2444
2444
2445
2446
2446
2446
2447
2448
2448
2450
2450
2452
2453
2453
2453
2453
2453
2455
2456
2457
2458
2460
2460
2460
2461
2461
2462
2463
2464
2465
2467
2467
2467
2468
2469
2470
2472
2472
2472
2473
2475
2475
2475
2476
2478
2482
2484
2484
2485
2486
2486
2486
2487
2487
2488
2488
2489
2489
2489
2490
2490
2490
2491
2492
2492
2492
2494
2494
2496
2497
2498
2498
2498
2498
2498
2499
2499
2501
2502
2503
2503
2504
2504
2504
2505
2505
2506
2506
2507
2507
2508
2508
2508
2510
2510
2510
2510
2513
2514
2514
2514
2515
2515
2518
2518
2518
2519
2519
2519
2519
2519
2520
2521
2521
2525
2526
2527
2528
2529
2529
2531
2532
2532
2533
2536
2539
2541
2541
2541
2541
2541
2542
2542
2543
2543
2543
2544
2546
2546
2547
2548
2549
2550
2550
2550
2551
2551
2552
2552
2552
2553
2553
2553
2553
2556
2558
2559
2560
2561
2561
2561
2564
2565
2565
2565
2566
2568
2568
2570
2570
2570
2571
2573
2573
2573
2574
2574
2574
2575
2575
2577
2577
2579
2580
2581
2582
2583
2583
2583
2586
2586
2586
2589
2589
2590
2591
2591
2592
2594
2594
2595
2596
2601
2603
2604
2605
2605
2607
2608
2610
2613
2614
2615
2616
2619
2619
2620
2623
2624
2625
2625
2625
2626
2627
2629
2629
2629
2630
2630
2630
2631
2633
2634
2634
2635
2636
2638
2639
2640
2641
2642
2643
2643
2646
2646
2646
2647
2647
2647
2647
2649
2649
2650
2652
2652
2652
2653
2654
2655
2656
2659
2659
2660
2661
2661
2662
2663
2665
2667
2668
2670
2670
2671
2672
2674
2674
2675
2675
2675
2676
2676
2681
2681
2681
2683
2683
2683
2684
2686
2686
2688
2688
2689
2690
2691
2691
2693
2693
2694
2696
2697
2699
2700
2702
2703
2703
2704
2705
2706
2706
2707
2708
2709
2709
2710
2711
2711
2711
2713
2714
2716
2719
2719
2720
2720
2720
2721
2721
2721
2722
2722
2722
2722
2723
2726
2727
2727
2727
2728
2728
2729
2729
2731
2732
2732
2733
2734
2735
2735
2736
2737
2737
2740
2741
2741
2742
2742
2742
2742
2742
2744
2744
2744
2746
2747
2747
2747
2748
2750
2750
2750
2750
2750
2751
2752
2752
2752
2755
2755
2756
2756
2757
2757
2758
2760
2760
2761
2761
2770
2771
2771
2772
2772
2775
2775
2776
2776
2778
2778
2779
2781
2781
2782
2786
2786
2787
2787
2788
2788
2788
2788
2792
2792
2792
2793
2794
2795
2798
2799
2800
2801
2803
2804
2805
2808
2811
2811
2812
2813
2813
2813
2814
2814
2816
2817
2817
2817
2818
2818
2819
2819
2820
2822
2822
2823
2827
2829
2832
2832
2833
2833
2835
2836
2838
2838
2840
2840
2842
2843
2845
2847
2847
2848
2849
2849
2850
2850
2850
2850
2851
2851
2851
2861
2862
2862
2863
2864
2866
2867
2867
2870
2870
2870
2871
2871
2872
2873
2874
2874
2875
2875
2876
2877
2878
2880
2884
2887
2887
2887
2887
2889
2889
2891
2891
2892
2896
2898
2898
2903
2904
2904
2905
2906
2908
2908
2908
2908
2909
2909
2910
2911
2911
2912
2914
2916
2916
2916
2919
2919
2920
2920
2921
2921
2922
2922
2923
2926
2926
2927
2929
2931
2932
2935
2936
2937
2937
2938
2938
2939
2940
2940
2941
2941
2941
2942
2942
2942
2942
2944
2944
2945
2946
2948
2949
2950
2950
2950
2950
2955
2958
2962
2964
2965
2969
2971
2971
2973
2973
2974
2974
2974
2979
2982
2985
2985
2985
2986
2987
2989
2990
2991
2993
2994
2994
2994
2994
2994
2995
2999
3001
3001
3002
3002
3004
3005
3007
3009
3010
3010
3010
3011
3011
3012
3012
3017
3017
3017
3017
3019
3023
3023
3023
3023
3024
3024
3025
3027
3028
3030
3032
3032
3032
3033
3034
3035
3036
3037
3038
3040
3041
3041
3042
3044
3046
3046
3047
3047
3048
3049
3051
3052
3053
3053
3053
3056
3059
3062
3063
3064
3065
3068
3070
3072
3073
3074
3075
3075
3079
3079
3079
3079
3079
3080
3081
3084
3089
3091
3091
3093
3093
3094
3096
3096
3096
3098
3101
3101
3102
3103
3104
3104
3104
3105
3105
3106
3107
3107
3111
3112
3114
3114
3115
3117
3117
3118
3119
3119
3121
3124
3125
3128
3128
3131
3133
3133
3133
3134
3135
3135
3135
3136
3137
3138
3139
3141
3141
3142
3147
3148
3148
3149
3150
3150
3150
3151
3153
3155
3155
3156
3156
3159
3160
3160
3160
3161
3161
3162
3166
3168
3169
3170
3170
3173
3174
3175
3175
3175
3176
3176
3176
3176
3177
3177
3178
3178
3179
3180
3182
3182
3185
3185
3186
3188
3189
3190
3190
3192
3193
3193
3195
3195
3195
3197
3197
3198
3199
3199
3200
3201
3203
3203
3204
3204
3205
3205
3206
3206
3208
3208
3211
3211
3212
3214
3215
3215
3219
3220
3220
3220
3221
3223
3225
3225
3226
3228
3231
3233
3234
3235
3236
3237
3239
3239
3241
3241
3243
3243
3243
3248
3248
3249
3249
3250
3255
3255
3255
3255
3256
3261
3263
3263
3264
3264
3264
3264
3266
3267
3267
3268
3268
3269
3271
3271
3272
3274
3275
3277
3279
3280
3280
3281
3282
3282
3285
3285
3286
3286
3287
3287
3289
3291
3291
3294
3295
3296
3297
3297
3299
3300
3301
3302
3304
3305
3310
3310
3311
3315
3321
3322
3322
3325
3326
3327
3327
3328
3328
3328
3332
3334
3337
3337
3338
3338
3338
3340
3341
3342
3343
3346
3348
3348
3350
3352
3353
3354
3355
3355
3359
3359
3359
3360
3361
3364
3365
3366
3368
3370
3370
3372
3372
3374
3374
3376
3378
3378
3379
3380
3380
3382
3383
3387
3388
3388
3389
3389
3390
3395
3396
3398
3400
3401
3401
3402
3403
3404
3404
3409
3409
3411
3412
3412
3416
3417
3421
3421
3422
3425
3426
3427
3428
3428
3429
3429
3430
3430
3433
3434
3435
3437
3438
3438
3438
3439
3440
3441
3444
3445
3447
3447
3449
3450
3451
3451
3452
3454
3454
3455
3458
3459
3462
3463
3464
3466
3467
3470
3470
3472
3478
3478
3480
3483
3486
3487
3487
3488
3491
3494
3500
3501
3504
3504
3504
3506
3507
3508
3508
3509
3510
3510
3510
3510
3511
3511
3513
3513
3514
3515
3517
3519
3520
3520
3521
3522
3524
3526
3526
3528
3529
3529
3529
3531
3532
3532
3534
3534
3536
3537
3537
3538
3543
3543
3547
3548
3549
3550
3552
3554
3555
3556
3558
3558
3559
3560
3560
3560
3561
3562
3564
3565
3566
3567
3568
3571
3574
3574
3575
3575
3575
3577
3578
3578
3581
3584
3585
3586
3586
3587
3587
3588
3589
3590
3590
3590
3593
3595
3595
3599
3599
3599
3599
3600
3600
3601
3603
3603
3603
3605
3610
3611
3612
3612
3613
3613
3613
3615
3616
3617
3618
3618
3619
3620
3620
3621
3622
3623
3625
3625
3627
3628
3628
3630
3631
3633
3633
3636
3636
3636
3637
3638
3638
3639
3640
3641
3641
3642
3643
3644
3644
3646
3646
3648
3649
3652
3653
3654
3654
3656
3657
3661
3662
3663
3663
3664
3665
3665
3667
3669
3670
3671
3671
3674
3675
3675
3678
3679
3680
3682
3683
3684
3684
3684
3684
3686
3686
3687
3687
3689
3689
3690
3692
3693
3695
3695
3697
3697
3698
3700
3702
3702
3703
3704
3706
3706
3708
3708
3709
3711
3713
3714
3714
3714
3715
3716
3718
3719
3719
3719
3720
3721
3722
3723
3723
3724
3724
3725
3725
3727
3731
3731
3735
3735
3736
3739
3739
3740
3741
3742
3745
3745
3747
3748
3749
3749
3750
3751
3752
3753
3754
3755
3759
3760
3760
3761
3764
3764
3765
3765
3767
3767
3769
3769
3772
3773
3774
3774
3776
3778
3783
3783
3784
3785
3785
3786
3786
3787
3787
3792
3792
3793
3795
3797
3799
3799
3800
3800
3801
3803
3803
3804
3804
3804
3805
3805
3806
3807
3808
3808
3808
3809
3809
3811
3814
3816
3817
3818
3819
3819
3819
3820
3822
3822
3822
3824
3826
3827
3831
3832
3832
3833
3834
3836
3837
3838
3841
3841
3844
3846
3846
3846
3847
3847
3848
3849
3850
3850
3852
3855
3855
3856
3858
3861
3861
3862
3863
3865
3866
3871
3871
3872
3876
3877
3880
3883
3884
3887
3890
3891
3891
3891
3891
3891
3892
3894
3898
3898
3899
3899
3899
3900
3901
3903
3904
3905
3905
3906
3907
3909
3909
3911
3911
3911
3912
3913
3913
3913
3915
3915
3917
3918
3921
3921
3922
3924
3925
3925
3927
3928
3929
3930
3931
3932
3932
3933
3933
3935
3936
3936
3937
3938
3939
3941
3942
3943
3944
3944
3945
3947
3948
3949
3949
3951
3953
3953
3953
3957
3957
3957
3960
3961
3962
3962
3963
3964
3965
3966
3967
3967
3968
3969
3969
3972
3973
3974
3976
3977
3980
3981
3985
3986
3987
3987
3987
3987
3987
3988
3990
3993
3994
3995
3995
3997
3997
3998
4001
4003
4003
4005
4007
4010
4012
4015
4016
4016
4016
4016
4017
4019
4020
4021
4022
4026
4028
4028
4031
4036
4036
4037
4038
4042
4042
4046
4047
4047
4049
4049
4049
4051
4057
4057
4060
4060
4061
4061
4062
4062
4063
4064
4065
4067
4067
4068
4071
4072
4072
4072
4073
4074
4074
4076
4076
4076
4076
4077
4077
4078
4080
4081
4083
4085
4087
4088
4088
4091
4094
4095
4096
4098
4098
4098
4100
4103
4103
4104
4104
4105
4106
4106
4107
4107
4108
4108
4108
4113
4114
4118
4119
4120
4122
4122
4122
4122
4123
4124
4125
4125
4128
4129
4131
4131
4132
4132
4133
4136
4136
4137
4137
4137
4138
4138
4139
4141
4142
4142
4143
4146
4146
4148
4150
4150
4150
4152
4152
4152
4153
4155
4155
4157
4159
4161
4162
4163
4163
4163
4164
4166
4169
4169
4170
4170
4172
4174
4174
4176
4177
4178
4180
4180
4181
4181
4184
4184
4185
4186
4188
4189
4189
4190
4191
4192
4193
4193
4194
4194
4196
4199
4200
4200
4201
4202
4202
4204
4205
4206
4208
4208
4210
4210
4211
4211
4211
4213
4213
4213
4216
4217
4219
4219
4220
4222
4223
4223
4224
4225
4226
4229
4232
4233
4236
4237
4237
4238
4238
4238
4239
4243
4243
4244
4245
4246
4246
4246
4246
4247
4250
4251
4251
4251
4253
4254
4254
4256
4256
4257
4259
4264
4265
4265
4267
4267
4268
4270
4273
4274
4276
4276
4277
4277
4278
4279
4279
4280
4282
4283
4285
4286
4287
4287
4287
4287
4288
4290
4290
4290
4291
4293
4295
4295
4295
4297
4298
4300
4302
4304
4305
4305
4308
4310
4311
4311
4316
4316
4318
4319
4320
4321
4325
4327
4328
4328
4328
4328
4329
4330
4330
4333
4335
4335
4335
4336
4338
4338
4339
4341
4341
4342
4342
4343
4344
4345
4348
4348
4351
4352
4352
4354
4354
4356
4356
4358
4359
4359
4361
4363
4363
4364
4365
4365
4369
4372
4372
4374
4374
4375
4375
4375
4375
4376
4376
4377
4379
4381
4382
4385
4386
4387
4387
4390
4391
4393
4396
4397
4399
4400
4400
4402
4402
4403
4405
4406
4407
4409
4410
4413
4413
4414
4415
4418
4418
4418
4420
4421
4421
4422
4422
4423
4423
4424
4426
4426
4426
4427
4429
4430
4432
4434
4435
4435
4437
4441
4442
4442
4443
4445
4445
4445
4445
4446
4448
4448
4449
4452
4452
4452
4453
4453
4455
4455
4456
4456
4457
4457
4459
4459
4460
4461
4462
4463
4463
4464
4464
4468
4468
4469
4469
4470
4472
4473
4474
4476
4477
4477
4477
4477
4478
4478
4480
4481
4481
4483
4490
4494
4495
4496
4498
4498
4501
4502
4504
4504
4504
4505
4507
4509
4509
4509
4511
4511
4513
4513
4513
4520
4522
4524
4524
4524
4524
4525
4533
4533
4534
4535
4537
4538
4538
4539
4539
4539
4540
4540
4541
4542
4542
4542
4545
4545
4546
4546
4547
4547
4547
4549
4550
4552
4553
4554
4556
4557
4558
4558
4559
4561
4563
4564
4568
4570
4571
4573
4574
4575
4576
4576
4578
4580
4580
4580
4583
4584
4584
4584
4584
4585
4587
4587
4587
4588
4589
4591
4591
4593
4594
4595
4596
4599
4600
4600
4603
4603
4603
4603
4604
4605
4606
4606
4607
4608
4611
4611
4611
4611
4612
4614
4615
4617
4617
4617
4618
4620
4622
4624
4625
4627
4629
4630
4630
4631
4632
4632
4632
4633
4633
4633
4635
4636
4637
4638
4638
4639
4640
4642
4642
4643
4645
4648
4649
4650
4651
4652
4655
4655
4660
4660
4661
4668
4669
4669
4670
4671
4671
4671
4672
4673
4674
4674
4675
4675
4675
4677
4678
4680
4681
4681
4682
4682
4685
4686
4687
4687
4689
4690
4693
4694
4695
4696
4698
4698
4699
4700
4701
4701
4705
4706
4707
4711
4711
4712
4712
4714
4714
4714
4714
4717
4718
4719
4721
4721
4722
4723
4724
4728
4729
4729
4730
4731
4731
4731
4732
4733
4733
4736
4741
4741
4745
4746
4747
4747
4748
4748
4752
4752
4753
4753
4755
4755
4755
4756
4756
4757
4758
4759
4759
4759
4760
4762
4764
4764
4764
4765
4765
4765
4766
4766
4767
4769
4770
4770
4771
4772
4772
4773
4773
4774
4775
4776
4776
4780
4782
4782
4782
4782
4783
4786
4790
4791
4792
4793
4794
4795
4795
4796
4799
4800
4800
4800
4801
4802
4803
4805
4806
4806
4806
4807
4808
4810
4810
4811
4811
4811
4811
4813
4815
4815
4815
4815
4815
4817
4820
4825
4828
4829
4830
4830
4831
4835
4835
4836
4838
4839
4841
4842
4842
4845
4848
4848
4849
4849
4852
4854
4856
4858
4858
4859
4861
4861
4862
4864
4865
4868
4868
4868
4870
4873
4874
4874
4874
4875
4876
4876
4877
4878
4880
4880
4881
4883
4883
4884
4885
4886
4889
4890
4892
4892
4892
4893
4896
4897
4898
4899
4902
4903
4904
4904
4905
4907
4908
4908
4910
4913
4914
4915
4916
4917
4917
4918
4920
4920
4920
4921
4922
4923
4924
4924
4925
4926
4926
4928
4930
4931
4932
4933
4935
4939
4940
4941
4942
4945
4946
4946
4948
4948
4950
4950
4950
4953
4956
4956
4957
4958
4959
4961
4963
4963
4963
4963
4963
4964
4964
4966
4966
4969
4970
4971
4971
4972
4972
4972
4972
4974
4975
4975
4975
4977
4977
4978
4979
4979
4981
4983
4983
4985
4985
4986
4986
4986
4989
4993
4993
4993
4997
4998
4999
5000
5001
5004
5004
5005
5006
5008
5009
5010
5011
5011
5011
5011
5013
5015
5016
5018
5019
5019
5020
5020
5022
5023
5025
5026
5026
5027
5028
5030
5033
5033
5034
5034
5036
5038
5039
5041
5041
5043
5046
5047
5048
5049
5049
5050
5050
5051
5051
5051
5052
5053
5053
5055
5056
5057
5057
5060
5060
5062
5062
5064
5066
5067
5068
5069
5070
5070
5070
5070
5071
5073
5075
5077
5077
5077
5078
5079
5080
5082
5083
5083
5083
5084
5087
5087
5087
5088
5089
5091
5092
5093
5093
5093
5094
5095
5098
5098
5099
5099
5100
5101
5102
5102
5103
5103
5105
5106
5107
5110
5113
5114
5116
5116
5117
5120
5120
5123
5124
5127
5127
5128
5129
5130
5130
5132
5132
5133
5135
5136
5137
5137
5138
5139
5140
5140
5140
5140
5141
5142
5142
5142
5145
5145
5146
5146
5146
5149
5156
5156
5158
5159
5159
5162
5163
5164
5164
5165
5166
5169
5169
5171
5171
5172
5172
5173
5175
5176
5177
5178
5179
5179
5179
5181
5181
5181
5182
5184
5184
5185
5186
5186
5186
5187
5189
5189
5190
5191
5192
5192
5194
5195
5196
5197
5197
5199
5201
5202
5203
5204
5205
5207
5208
5210
5211
5212
5214
5217
5218
5219
5219
5220
5223
5223
5223
5224
5226
5228
5228
5228
5229
5229
5229
5230
5230
5231
5231
5233
5233
5235
5235
5237
5237
5239
5240
5242
5242
5244
5244
5244
5244
5246
5247
5247
5247
5249
5250
5252
5253
5255
5257
5258
5258
5258
5259
5263
5264
5265
5265
5265
5266
5267
5269
5270
5271
5275
5278
5278
5278
5280
5280
5285
5286
5288
5288
5289
5290
5290
5290
5291
5292
5293
5294
5295
5295
5296
5297
5298
5299
5299
5300
5300
5300
5303
5305
5306
5306
5308
5308
5308
5309
5310
5310
5312
5313
5313
5314
5315
5317
5317
5319
5319
5319
5319
5324
5325
5325
5326
5326
5328
5328
5329
5329
5330
5330
5331
5331
5331
5331
5332
5338
5338
5343
5347
5348
5349
5350
5351
5351
5352
5353
5354
5355
5355
5357
5358
5360
5362
5363
5365
5366
5366
5367
5368
5369
5369
5370
5374
5375
5375
5377
5378
5379
5379
5380
5381
5384
5385
5388
5389
5391
5391
5393
5394
5396
5397
5398
5400
5400
5400
5405
5406
5408
5409
5409
5412
5413
5415
5416
5416
5418
5419
5419
5420
5421
5423
5424
5425
5425
5426
5428
5428
5430
5430
5430
5430
5431
5433
5434
5434
5436
5437
5437
5437
5438
5439
5440
5441
5441
5442
5442
5442
5444
5445
5445
5446
5446
5447
5448
5448
5450
5450
5450
5457
5458
5458
5460
5460
5462
5463
5464
5465
5467
5468
5468
5469
5469
5469
5474
5475
5476
5477
5480
5481
5483
5483
5485
5486
5487
5488
5488
5490
5491
5491
5491
5491
5493
5493
5494
5494
5495
5498
5498
5499
5501
5504
5507
5508
5509
5510
5510
5511
5513
5513
5515
5515
5516
5518
5519
5519
5522
5522
5523
5523
5523
5525
5525
5526
5526
5526
5528
5528
5529
5529
5529
5530
5531
5533
5533
5535
5537
5537
5538
5538
5540
5542
5544
5545
5547
5548
5548
5550
5552
5553
5554
5559
5560
5560
5561
5561
5561
5561
5563
5563
5564
5565
5566
5566
5567
5569
5569
5570
5570
5570
5571
5572
5572
5573
5574
5575
5576
5577
5577
5579
5580
5580
5581
5582
5584
5584
5585
5585
5585
5586
5587
5588
5588
5590
5590
5592
5593
5593
5595
5597
5597
5598
5598
5599
5599
5600
5601
5601
5604
5604
5605
5605
5607
5607
5608
5609
5611
5613
5613
5613
5614
5615
5616
5616
5617
5618
5618
5619
5619
5626
5628
5629
5630
5631
5631
5634
5634
5635
5636
5637
5638
5639
5640
5641
5642
5644
5644
5645
5645
5646
5646
5647
5648
5648
5650
5652
5652
5652
5652
5653
5656
5656
5662
5664
5665
5666
5667
5668
5669
5669
5670
5675
5676
5676
5676
5679
5681
5683
5683
5683
5685
5687
5689
5691
5693
5694
5696
5697
5697
5700
5700
5702
5704
5704
5705
5707
5707
5708
5708
5709
5709
5710
5713
5713
5715
5716
5716
5716
5716
5716
5718
5718
5719
5723
5726
5728
5729
5730
5732
5732
5733
5734
5735
5737
5737
5737
5739
5739
5739
5741
5742
5744
5744
5745
5746
5747
5748
5749
5751
5751
5754
5756
5757
5757
5758
5758
5759
5759
5760
5760
5760
5760
5762
5763
5764
5765
5765
5768
5769
5770
5771
5771
5772
5773
5776
5778
5779
5781
5784
5784
5785
5785
5788
5788
5790
5790
5790
5791
5792
5792
5793
5793
5794
5794
5796
5796
5796
5797
5799
5800
5800
5801
5804
5805
5808
5808
5808
5808
5809
5809
5811
5813
5817
5819
5820
5821
5822
5824
5825
5825
5825
5829
5831
5831
5831
5832
5833
5833
5833
5835
5837
5839
5840
5841
5841
5841
5842
5842
5845
5845
5847
5847
5849
5851
5852
5852
5853
5854
5856
5856
5857
5857
5860
5860
5861
5861
5862
5863
5863
5864
5868
5869
5869
5869
5869
5869
5871
5872
5872
5873
5873
5873
5874
5876
5876
5876
5876
5877
5878
5881
5882
5884
5885
5887
5888
5889
5892
5892
5894
5895
5895
5896
5897
5898
5898
5899
5901
5902
5903
5904
5905
5905
5911
5911
5911
5914
5915
5915
5915
5915
5915
5916
5917
5917
5917
5918
5918
5920
5921
5922
5922
5922
5922
5926
5927
5927
5927
5927
5929
5929
5931
5931
5932
5935
5936
5936
5937
5938
5940
5940
5942
5945
5945
5946
5947
5947
5947
5947
5949
5949
5950
5951
5955
5956
5957
5957
5958
5959
5960
5961
5962
5962
5962
5964
5964
5967
5967
5968
5968
5971
5971
5972
5973
5976
5978
5978
5978
5980
5980
5984
5984
5986
5989
5989
5990
5991
5992
5993
5994
5995
6000
6000
6001
6005
6006
6007
6007
6008
6009
6011
6012
6015
6017
6019
6019
6019
6020
6021
6022
6024
6025
6026
6026
6027
6027
6028
6034
6034
6035
6037
6037
6038
6038
6039
6041
6041
6042
6043
6043
6045
6046
6046
6050
6053
6055
6055
6057
6057
6059
6060
6060
6060
6061
6061
6062
6062
6063
6064
6070
6070
6071
6071
6071
6073
6073
6074
6075
6076
6077
6078
6078
6078
6079
6079
6081
6081
6082
6083
6084
6084
6086
6086
6087
6087
6087
6087
6087
6088
6089
6089
6090
6091
6092
6093
6094
6095
6095
6095
6096
6096
6097
6099
6100
6102
6102
6103
6103
6103
6103
6106
6106
6107
6107
6108
6108
6108
6109
6109
6109
6109
6112
6112
6113
6113
6116
6116
6117
6117
6118
6119
6121
6121
6122
6123
6125
6125
6127
6128
6132
6133
6134
6135
6135
6136
6138
6138
6141
6142
6142
6144
6144
6144
6148
6152
6156
6157
6158
6160
6161
6161
6161
6162
6163
6165
6167
6168
6168
6170
6171
6172
6172
6174
6175
6176
6177
6178
6179
6182
6183
6185
6185
6186
6186
6187
6188
6188
6189
6189
6189
6190
6191
6196
6197
6197
6200
6200
6201
6202
6202
6203
6205
6205
6205
6209
6211
6212
6212
6213
6213
6219
6222
6222
6222
6223
6224
6227
6227
6230
6230
6230
6232
6233
6234
6235
6236
6236
6237
6238
6242
6243
6244
6245
6246
6248
6248
6248
6249
6249
6250
6250
6253
6253
6254
6256
6257
6258
6263
6263
6264
6265
6266
6269
6270
6271
6272
6273
6273
6274
6274
6275
6277
6278
6279
6280
6280
6281
6283
6284
6284
6284
6287
6288
6291
6293
6293
6293
6297
6298
6299
6302
6304
6307
6307
6308
6308
6310
6312
6315
6316
6317
6317
6317
6317
6318
6318
6319
6320
6321
6321
6323
6324
6324
6326
6331
6333
6334
6335
6335
6337
6337
6339
6341
6341
6341
6341
6344
6348
6349
6352
6352
6352
6355
6356
6356
6358
6359
6360
6360
6362
6362
6363
6365
6368
6370
6370
6372
6372
6373
6373
6374
6376
6378
6380
6381
6383
6386
6389
6389
6390
6391
6393
6393
6394
6397
6397
6398
6398
6399
6400
6401
6402
6403
6404
6405
6407
6407
6408
6408
6409
6409
6409
6410
6411
6416
6418
6418
6419
6419
6420
6424
6424
6425
6429
6429
6429
6433
6434
6434
6438
6438
6438
6438
6438
6440
6441
6442
6442
6443
6444
6444
6444
6446
6447
6450
6450
6453
6454
6454
6456
6458
6459
6460
6461
6461
6462
6463
6464
6464
6466
6471
6471
6476
6477
6478
6479
6481
6485
6486
6487
6487
6488
6488
6489
6490
6490
6490
6491
6492
6498
6499
6500
6500
6501
6502
6502
6506
6508
6510
6510
6512
6513
6516
6519
6519
6519
6519
6520
6520
6520
6522
6525
6525
6527
6528
6530
6532
6533
6534
6538
6538
6538
6538
6539
6540
6542
6542
6546
6547
6547
6549
6550
6551
6551
6552
6555
6556
6557
6557
6558
6559
6560
6561
6562
6562
6562
6564
6565
6566
6566
6567
6571
6572
6573
6573
6573
6574
6574
6575
6577
6578
6580
6581
6582
6584
6584
6585
6585
6586
6586
6587
6588
6588
6589
6589
6589
6589
6591
6592
6592
6594
6594
6595
6595
6595
6596
6597
6598
6599
6599
6600
6602
6602
6603
6604
6605
6606
6607
6607
6607
6609
6609
6609
6614
6615
6616
6617
6617
6617
6617
6618
6618
6618
6620
6621
6621
6621
6623
6623
6624
6624
6626
6631
6631
6633
6633
6635
6636
6637
6638
6638
6640
6640
6643
6644
6646
6646
6647
6648
6648
6648
6652
6652
6656
6656
6658
6660
6660
6661
6662
6662
6664
6664
6666
6668
6668
6669
6671
6671
6671
6673
6678
6678
6681
6682
6683
6686
6686
6687
6687
6688
6689
6690
6691
6692
6696
6696
6698
6698
6699
6699
6700
6702
6702
6703
6703
6704
6705
6709
6710
6710
6710
6711
6712
6712
6712
6713
6714
6720
6720
6720
6721
6721
6722
6723
6723
6724
6726
6726
6730
6731
6732
6733
6734
6735
6736
6737
6738
6738
6739
6739
6741
6742
6743
6744
6745
6746
6747
6748
6750
6750
6752
6752
6756
6756
6756
6756
6757
6757
6757
6760
6763
6764
6765
6766
6767
6768
6768
6769
6769
6770
6772
6774
6774
6775
6777
6779
6781
6782
6783
6783
6783
6787
6787
6788
6790
6792
6793
6793
6794
6797
6798
6800
6802
6803
6804
6806
6806
6807
6809
6811
6811
6813
6813
6818
6820
6822
6823
6823
6825
6825
6826
6828
6828
6828
6832
6833
6835
6839
6840
6842
6844
6845
6845
6853
6854
6855
6856
6856
6857
6858
6861
6861
6861
6861
6862
6864
6864
6864
6864
6867
6868
6869
6873
6874
6875
6876
6876
6876
6877
6877
6877
6880
6883
6883
6884
6884
6887
6892
6892
6892
6895
6895
6896
6896
6900
6900
6905
6906
6907
6908
6910
6910
6910
6913
6913
6914
6914
6916
6916
6918
6920
6921
6921
6923
6924
6925
6926
6926
6926
6927
6927
6927
6928
6929
6931
6932
6934
6934
6935
6935
6936
6936
6939
6940
6940
6942
6942
6942
6944
6944
6945
6946
6946
6946
6948
6950
6951
6952
6952
6953
6954
6956
6956
6958
6959
6961
6961
6961
6962
6963
6965
6968
6968
6969
6969
6970
6971
6972
6972
6973
6973
6974
6974
6975
6976
6977
6977
6977
6978
6980
6982
6983
6983
6983
6984
6985
6986
6987
6989
6990
6990
6991
6992
6993
6994
6995
6999
7001
7001
7002
7004
7005
7005
7007
7007
7007
7008
7008
7010
7013
7015
7015
7016
7017
7018
7018
7019
7021
7021
7021
7022
7022
7024
7025
7025
7027
7028
7028
7029
7029
7031
7031
7032
7034
7035
7035
7036
7036
7036
7036
7036
7038
7039
7040
7041
7041
7043
7044
7044
7046
7048
7055
7055
7056
7058
7059
7060
7062
7062
7065
7067
7067
7068
7069
7071
7071
7073
7074
7077
7078
7079
7082
7083
7084
7085
7085
7085
7086
7087
7088
7089
7090
7090
7091
7095
7097
7098
7103
7103
7103
7104
7104
7106
7109
7110
7111
7112
7112
7113
7113
7114
7115
7115
7115
7117
7118
7119
7121
7122
7125
7125
7126
7128
7129
7130
7130
7133
7137
7140
7142
7143
7145
7145
7145
7146
7146
7147
7149
7149
7150
7150
7151
7152
7152
7155
7155
7155
7156
7157
7158
7159
7160
7162
7162
7163
7164
7168
7173
7173
7173
7174
7175
7176
7179
7180
7181
7181
7181
7181
7182
7184
7186
7188
7191
7191
7192
7193
7194
7196
7197
7198
7199
7200
7201
7201
7201
7202
7203
7206
7207
7208
7211
7211
7212
7214
7214
7215
7218
7219
7220
7221
7221
7222
7223
7223
7227
7227
7229
7231
7232
7233
7234
7235
7237
7237
7237
7238
7238
7240
7240
7241
7241
7242
7243
7244
7246
7249
7249
7250
7251
7251
7253
7254
7255
7255
7256
7257
7258
7258
7259
7261
7261
7261
7262
7263
7264
7266
7266
7266
7266
7267
7270
7271
7272
7273
7274
7274
7274
7274
7276
7276
7276
7277
7279
7280
7280
7282
7282
7284
7284
7284
7285
7285
7289
7289
7289
7289
7291
7291
7292
7293
7294
7294
7295
7296
7297
7297
7298
7299
7299
7299
7300
7302
7303
7304
7304
7304
7307
7307
7307
7309
7309
7310
7310
7313
7314
7316
7316
7317
7319
7319
7320
7320
7321
7321
7321
7322
7323
7328
7328
7328
7329
7331
7332
7334
7335
7336
7338
7340
7340
7341
7341
7342
7342
7344
7345
7346
7346
7347
7347
7348
7348
7350
7350
7350
7351
7355
7355
7356
7356
7357
7358
7358
7358
7359
7360
7362
7363
7364
7366
7367
7367
7372
7373
7373
7373
7374
7376
7377
7377
7378
7379
7380
7381
7382
7382
7383
7384
7385
7385
7386
7391
7391
7391
7393
7394
7396
7398
7399
7399
7402
7402
7402
7402
7403
7403
7404
7405
7406
7408
7409
7410
7411
7412
7412
7412
7413
7413
7415
7415
7416
7416
7417
7417
7419
7422
7425
7426
7427
7427
7427
7428
7428
7429
7429
7430
7430
7430
7432
7433
7433
7435
7436
7440
7440
7440
7441
7442
7443
7444
7444
7445
7446
7446
7447
7447
7449
7451
7452
7452
7453
7455
7455
7458
7458
7458
7460
7461
7464
7465
7468
7471
7472
7472
7473
7473
7473
7474
7474
7479
7480
7483
7488
7492
7493
7495
7499
7500
7500
7501
7501
7501
7503
7503
7503
7503
7504
7506
7507
7507
7508
7510
7511
7514
7515
7517
7519
7519
7520
7520
7523
7524
7524
7526
7527
7527
7527
7531
7531
7534
7536
7536
7536
7537
7537
7540
7540
7542
7545
7545
7546
7546
7549
7551
7553
7554
7556
7558
7558
7559
7560
7564
7565
7565
7566
7567
7572
7572
7573
7575
7575
7576
7577
7577
7580
7582
7583
7589
7589
7592
7593
7594
7596
7596
7596
7598
7599
7599
7599
7600
7601
7601
7603
7604
7605
7608
7608
7609
7612
7613
7613
7613
7618
7619
7619
7619
7620
7621
7621
7621
7622
7624
7625
7625
7626
7627
7628
7632
7635
7635
7636
7638
7638
7639
7640
7642
7643
7644
7647
7649
7649
7651
7653
7653
7654
7657
7658
7659
7661
7661
7662
7663
7663
7664
7665
7665
7665
7669
7669
7671
7672
7673
7676
7677
7678
7679
7680
7681
7681
7681
7682
7685
7686
7686
7686
7689
7690
7691
7691
7691
7693
7693
7694
7695
7696
7696
7697
7698
7698
7700
7702
7703
7705
7706
7706
7706
7707
7708
7709
7710
7710
7710
7710
7711
7712
7712
7714
7715
7715
7715
7716
7717
7717
7720
7721
7721
7722
7727
7728
7729
7729
7730
7731
7733
7739
7739
7741
7744
7747
7748
7748
7748
7748
7749
7751
7752
7752
7753
7754
7754
7757
7758
7759
7759
7759
7761
7761
7761
7762
7763
7765
7766
7770
7772
7773
7773
7773
7776
7777
7778
7779
7781
7782
7785
7785
7786
7790
7790
7791
7791
7793
7793
7794
7794
7801
7801
7801
7801
7802
7803
7803
7803
7805
7805
7807
7808
7809
7809
7809
7813
7814
7814
7815
7817
7819
7819
7820
7820
7821
7821
7821
7824
7824
7825
7826
7826
7826
7827
7828
7828
7829
7830
7831
7831
7831
7834
7836
7840
7841
7842
7845
7848
7848
7848
7850
7850
7850
7851
7852
7853
7854
7854
7860
7863
7864
7865
7867
7867
7868
7868
7869
7869
7869
7870
7871
7873
7874
7875
7876
7877
7877
7877
7879
7883
7883
7884
7885
7888
7888
7890
7890
7890
7891
7891
7892
7894
7895
7895
7898
7898
7899
7899
7902
7903
7904
7904
7906
7907
7909
7910
7911
7912
7914
7916
7917
7919
7920
7922
7922
7924
7926
7927
7927
7929
7929
7930
7930
7933
7937
7937
7941
7942
7943
7943
7944
7945
7945
7947
7947
7947
7948
7949
7949
7949
7954
7955
7955
7956
7958
7959
7960
7961
7964
7965
7965
7966
7967
7967
7968
7968
7969
7970
7973
7974
7974
7977
7980
7980
7981
7981
7984
7985
7985
7987
7987
7988
7989
7989
7989
7990
7991
7992
7993
7999
7999
8000
8000
8001
8005
8006
8007
8009
8010
8011
8013
8014
8015
8018
8018
8018
8019
8020
8021
8022
8024
8029
8029
8030
8030
8030
8032
8034
8035
8038
8039
8040
8041
8042
8042
8043
8046
8047
8047
8048
8049
8051
8052
8052
8053
8053
8055
8055
8056
8060
8060
8063
8064
8067
8069
8070
8070
8071
8071
8072
8073
8074
8074
8077
8080
8082
8084
8085
8086
8087
8087
8092
8093
8095
8098
8098
8099
8099
8100
8100
8103
8103
8104
8104
8106
8108
8110
8112
8115
8117
8117
8118
8119
8120
8121
8122
8122
8122
8122
8124
8126
8127
8127
8128
8128
8128
8129
8129
8131
8131
8133
8134
8134
8134
8135
8138
8140
8140
8140
8141
8144
8145
8145
8145
8145
8146
8146
8150
8150
8152
8152
8153
8153
8156
8156
8156
8159
8160
8160
8161
8164
8165
8166
8166
8167
8168
8169
8169
8170
8172
8172
8173
8174
8174
8175
8175
8176
8177
8179
8179
8180
8183
8184
8185
8186
8189
8189
8193
8196
8197
8197
8198
8199
8200
8202
8202
8203
8204
8204
8205
8207
8207
8208
8209
8209
8210
8210
8211
8212
8214
8215
8216
8218
8218
8218
8218
8218
8219
8220
8221
8222
8222
8222
8222
8222
8224
8224
8227
8227
8228
8228
8229
8230
8230
8230
8231
8232
8232
8232
8235
8236
8236
8237
8238
8238
8240
8241
8241
8242
8242
8243
8243
8245
8246
8248
8249
8250
8251
8251
8253
8255
8256
8257
8259
8259
8259
8259
8260
8264
8264
8266
8266
8268
8268
8269
8270
8271
8275
8276
8276
8276
8278
8278
8279
8279
8279
8280
8282
8283
8283
8288
8288
8288
8289
8289
8290
8291
8292
8293
8293
8294
8294
8294
8295
8295
8296
8297
8299
8304
8304
8307
8307
8310
8311
8311
8313
8315
8315
8316
8316
8317
8318
8321
8323
8323
8325
8326
8326
8330
8336
8338
8343
8343
8344
8344
8346
8347
8348
8350
8351
8351
8351
8351
8353
8353
8353
8353
8355
8355
8357
8357
8358
8360
8361
8361
8362
8365
8367
8368
8369
8371
8372
8374
8376
8376
8376
8377
8377
8379
8379
8379
8383
8384
8386
8388
8388
8388
8389
8392
8392
8393
8393
8393
8395
8395
8396
8401
8403
8403
8403
8404
8404
8408
8409
8409
8410
8412
8412
8413
8417
8419
8421
8421
8421
8427
8429
8429
8431
8432
8432
8432
8433
8435
8435
8436
8436
8438
8440
8440
8440
8441
8442
8443
8445
8450
8450
8452
8452
8453
8453
8456
8457
8457
8457
8458
8458
8460
8462
8462
8462
8463
8464
8465
8466
8466
8468
8470
8470
8470
8472
8473
8474
8474
8474
8475
8476
8477
8477
8480
8482
8483
8484
8485
8485
8486
8486
8486
8489
8490
8491
8491
8492
8492
8492
8494
8494
8494
8495
8495
8498
8499
8500
8501
8501
8501
8502
8504
8504
8506
8507
8507
8507
8508
8508
8511
8512
8512
8513
8513
8515
8517
8517
8517
8517
8520
8520
8522
8526
8526
8527
8528
8529
8529
8529
8530
8530
8533
8533
8533
8534
8534
8534
8534
8535
8536
8538
8538
8539
8541
8544
8544
8545
8545
8546
8546
8547
8548
8548
8549
8550
8550
8554
8556
8556
8558
8559
8560
8560
8563
8566
8566
8568
8568
8568
8570
8574
8575
8575
8576
8578
8578
8578
8578
8580
8581
8584
8585
8586
8586
8586
8586
8587
8588
8588
8590
8590
8591
8591
8592
8592
8593
8593
8594
8594
8595
8595
8596
8597
8597
8598
8598
8598
8599
8600
8600
8600
8601
8602
8602
8603
8604
8604
8606
8607
8608
8608
8608
8614
8614
8614
8619
8620
8621
8622
8622
8625
8626
8626
8627
8628
8630
8631
8631
8634
8634
8634
8635
8636
8637
8638
8638
8640
8642
8642
8642
8644
8644
8645
8645
8645
8646
8646
8647
8648
8649
8649
8651
8651
8651
8652
8653
8653
8654
8655
8656
8658
8659
8659
8660
8661
8665
8666
8666
8668
8669
8670
8671
8673
8675
8676
8677
8680
8681
8682
8682
8683
8685
8686
8686
8687
8687
8687
8688
8689
8690
8692
8692
8692
8694
8694
8694
8695
8697
8700
8701
8703
8704
8705
8707
8708
8710
8711
8711
8712
8714
8715
8717
8717
8718
8718
8718
8719
8720
8721
8721
8723
8725
8725
8726
8727
8727
8729
8730
8733
8736
8736
8737
8738
8738
8739
8739
8740
8740
8741
8742
8745
8745
8747
8748
8749
8751
8752
8753
8754
8755
8757
8758
8758
8758
8760
8764
8765
8766
8767
8768
8768
8770
8771
8771
8772
8772
8773
8773
8774
8776
8777
8779
8780
8780
8781
8781
8783
8786
8788
8788
8789
8789
8790
8790
8791
8791
8792
8792
8793
8794
8795
8798
8798
8802
8804
8804
8806
8806
8813
8814
8816
8816
8819
8822
8822
8824
8824
8825
8826
8827
8829
8831
8833
8833
8833
8834
8837
8838
8840
8841
8844
8845
8845
8845
8847
8848
8849
8850
8851
8851
8851
8853
8853
8855
8855
8856
8856
8856
8856
8857
8860
8860
8862
8862
8865
8866
8866
8867
8868
8869
8870
8870
8876
8879
8879
8879
8880
8881
8883
8883
8885
8886
8887
8888
8889
8889
8889
8890
8891
8891
8891
8892
8895
8895
8895
8896
8897
8899
8900
8901
8901
8901
8905
8907
8907
8908
8909
8910
8910
8910
8911
8912
8912
8913
8914
8914
8915
8918
8919
8920
8920
8921
8923
8925
8926
8927
8927
8929
8929
8932
8933
8935
8935
8938
8938
8938
8940
8941
8943
8944
8945
8947
8947
8947
8950
8951
8951
8952
8955
8955
8955
8956
8956
8957
8958
8958
8958
8960
8964
8965
8966
8967
8967
8967
8968
8976
8977
8977
8980
8981
8981
8982
8984
8984
8985
8990
8992
8996
8996
8997
9000
9002
9004
9008
9008
9008
9012
9014
9015
9017
9019
9020
9022
9022
9023
9024
9025
9027
9027
9027
9030
9031
9032
9032
9033
9034
9036
9036
9037
9040
9043
9043
9044
9046
9047
9048
9048
9048
9050
9051
9051
9052
9054
9054
9055
9055
9055
9056
9056
9060
9062
9062
9063
9063
9067
9068
9068
9070
9070
9071
9071
9072
9072
9072
9072
9073
9073
9076
9077
9078
9081
9081
9084
9084
9084
9085
9086
9087
9088
9090
9092
9092
9093
9095
9096
9099
9101
9103
9104
9105
9106
9107
9109
9109
9109
9112
9114
9116
9119
9119
9121
9121
9121
9122
9122
9123
9123
9123
9124
9124
9124
9125
9125
9126
9126
9127
9128
9131
9133
9133
9134
9134
9134
9136
9137
9138
9138
9139
9140
9141
9142
9146
9148
9148
9148
9150
9150
9151
9154
9154
9154
9154
9154
9155
9155
9156
9157
9159
9159
9161
9162
9163
9165
9165
9166
9166
9169
9169
9172
9173
9173
9176
9176
9177
9178
9179
9180
9181
9183
9183
9184
9184
9184
9187
9188
9190
9191
9192
9193
9193
9193
9194
9194
9194
9196
9197
9200
9200
9200
9203
9204
9204
9205
9206
9208
9210
9210
9210
9211
9211
9211
9211
9212
9216
9216
9216
9217
9218
9219
9220
9221
9222
9222
9223
9225
9225
9228
9229
9232
9232
9234
9234
9235
9235
9236
9238
9239
9239
9240
9242
9243
9244
9247
9247
9247
9248
9250
9253
9253
9255
9255
9259
9262
9263
9264
9265
9265
9265
9270
9270
9271
9272
9272
9275
9276
9279
9279
9281
9282
9282
9283
9284
9285
9286
9288
9289
9289
9291
9294
9294
9294
9295
9295
9295
9297
9297
9299
9301
9302
9302
9303
9305
9307
9307
9307
9308
9308
9309
9310
9310
9310
9313
9315
9317
9318
9319
9321
9322
9323
9324
9326
9326
9328
9329
9329
9330
9330
9330
9331
9331
9331
9332
9333
9334
9334
9334
9335
9335
9335
9336
9336
9336
9337
9337
9339
9340
9341
9341
9342
9342
9342
9344
9345
9345
9346
9347
9349
9349
9350
9351
9352
9354
9355
9358
9358
9359
9360
9360
9360
9361
9362
9363
9363
9365
9365
9366
9366
9366
9367
9368
9368
9369
9372
9375
9376
9376
9378
9378
9379
9380
9380
9384
9389
9390
9391
9391
9391
9396
9397
9398
9399
9401
9403
9404
9405
9406
9406
9406
9406
9407
9407
9408
9408
9409
9409
9410
9411
9412
9412
9415
9416
9417
9418
9419
9421
9421
9423
9423
9423
9424
9424
9426
9427
9428
9429
9429
9430
9434
9434
9434
9434
9435
9436
9436
9436
9436
9438
9438
9439
9440
9441
9441
9442
9442
9445
9446
9447
9449
9452
9452
9453
9454
9456
9456
9458
9459
9459
9461
9463
9463
9463
9463
9464
9467
9467
9468
9470
9471
9472
9472
9475
9475
9477
9477
9477
9477
9479
9481
9482
9482
9484
9484
9484
9485
9486
9488
9489
9489
9490
9491
9492
9493
9493
9494
9495
9500
9500
9501
9504
9504
9505
9506
9508
9511
9511
9511
9512
9516
9516
9518
9518
9518
9522
9525
9526
9526
9526
9526
9526
9527
9530
9531
9532
9533
9534
9535
9535
9535
9535
9536
9537
9538
9538
9538
9540
9540
9544
9544
9545
9546
9548
9548
9548
9551
9551
9552
9552
9553
9555
9556
9556
9557
9558
9558
9558
9560
9561
9563
9564
9565
9569
9569
9571
9572
9574
9574
9578
9578
9578
9578
9579
9579
9580
9581
9581
9582
9583
9583
9584
9587
9588
9590
9591
9596
9597
9597
9597
9599
9599
9600
9601
9601
9603
9604
9605
9605
9607
9607
9608
9608
9609
9610
9611
9611
9612
9613
9615
9615
9616
9618
9619
9620
9621
9624
9626
9629
9630
9631
9633
9634
9635
9635
9636
9636
9636
9639
9639
9644
9644
9644
9646
9646
9648
9648
9649
9650
9650
9650
9650
9652
9653
9655
9656
9657
9657
9657
9657
9658
9658
9660
9662
9664
9666
9667
9668
9668
9669
9670
9674
9674
9674
9675
9679
9679
9679
9679
9679
9679
9681
9686
9686
9686
9686
9686
9688
9689
9689
9691
9693
9694
9694
9697
9697
9698
9700
9701
9701
9701
9702
9702
9703
9703
9703
9709
9710
9710
9712
9712
9713
9715
9719
9720
9723
9723
9724
9724
9727
9727
9728
9735
9737
9739
9740
9740
9741
9741
9742
9743
9743
9747
9748
9748
9749
9749
9749
9750
9751
9752
9753
9753
9754
9755
9759
9760
9761
9762
9766
9768
9768
9771
9771
9771
9771
9774
9778
9778
9780
9780
9782
9783
9785
9785
9786
9786
9787
9787
9787
9789
9789
9792
9793
9795
9796
9797
9798
9798
9799
9800
9800
9801
9802
9804
9804
9805
9806
9806
9806
9809
9814
9815
9815
9817
9817
9819
9820
9821
9822
9823
9824
9826
9827
9831
9832
9832
9833
9835
9835
9835
9838
9839
9840
9840
9842
9844
9844
9846
9849
9849
9850
9851
9852
9852
9853
9856
9856
9857
9858
9859
9861
9862
9863
9863
9866
9866
9866
9867
9868
9869
9870
9870
9871
9871
9872
9873
9876
9876
9876
9878
9885
9886
9886
9887
9887
9887
9888
9888
9888
9893
9894
9896
9899
9902
9903
9904
9906
9908
9909
9911
9914
9914
9916
9916
9917
9919
9919
9922
9925
9927
9928
9929
9930
9934
9935
9937
9937
9939
9939
9939
9943
9944
9946
9947
9947
9948
9949
9949
9952
9954
9954
9954
9956
9957
9958
9959
9960
9962
9962
9964
9965
9967
9967
9968
9968
9969
9969
9969
9974
9975
9976
9976
9977
9979
9982
9984
9997
9998
9999
