992
9382
143
7831
9036
7092
5320
6982
5961
24
3156
468
2318
707
8680
4972
6162
685
1591
4956
2162
8369
256
3041
5203
622
3144
3663
3753
3994
505
2118
9543
7626
7850
5009
1432
48
9409
6112
8029
7269
6502
4729
4007
4999
6426
2683
216
6868
441
4451
8853
1479
923
243
7935
1234
6465
4991
4339
4701
3086
8617
9038
2062
2676
976
420
7738
9153
3173
8851
1867
953
6174
964
6435
5606
270
2114
1567
2684
1844
830
111
898
211
929
9845
6671
9187
6387
6364
6145
261
1053
8923
8580
4813
6954
1034
8432
4715
6339
4884
8740
762
1803
5662
770
7805
1527
3335
7019
2630
9795
112
8060
1337
2737
3454
8185
2241
115
3758
777
881
3979
4616
66
1198
720
3527
8055
8203
5220
4792
5407
1749
1109
8817
2328
5648
9409
3668
3755
5137
6189
8356
1682
2926
7030
2006
439
210
4473
9916
7775
758
5169
190
4951
2108
144
906
1293
318
5344
1934
2578
3527
2201
5827
4223
9535
134
3165
8214
525
6419
8272
7962
1800
5370
1781
1714
3055
9918
4429
394
4922
487
8565
4362
3424
7920
6042
42
9722
4445
9599
2422
552
5441
3181
719
5490
7663
9835
1795
5554
1167
6014
2798
1232
1667
2002
5297
9726
8410
2378
7746
2086
4757
2836
4435
2784
9945
3904
4199
4296
5380
179
2114
112
1619
87
9617
7682
3843
9093
9211
2584
7079
9830
1782
5407
9418
6534
6092
313
7877
2634
9711
178
9619
740
5691
1734
6386
7716
9515
2833
589
3473
5983
9559
5800
2312
9036
5029
2876
3764
180
1271
5076
5151
1896
8796
8310
8344
1244
503
7750
5094
2026
6343
1832
188
8121
3577
613
8957
9742
4412
3167
6689
5060
7381
4552
1113
633
5668
9616
8544
8809
2407
2046
9506
9822
1246
9313
8881
3976
6047
8967
7910
5658
4171
509
2661
3333
5520
8568
2900
4489
3488
5796
1677
1993
9362
411
4305
9150
1416
2968
8304
5903
1313
6380
8679
1936
2895
9585
3161
3592
2763
8430
257
199
9240
954
886
712
2069
1092
304
1363
2039
9042
7690
7206
6887
184
729
7333
3303
8028
9788
9424
1675
5208
3941
8772
4790
5872
9143
7172
7602
7316
639
3242
804
9751
6696
184
6095
6065
4026
6596
1256
5826
8626
4436
4170
1113
1944
6550
7115
3940
7149
2339
5550
4392
3124
7796
2731
7268
2195
5109
4812
1
4745
1002
105
1372
1026
528
534
2871
4105
1653
475
6956
5789
3498
1028
244
8839
3399
9546
3272
4715
5392
6755
1301
5085
6167
661
757
6790
8338
7009
668
359
2159
4829
3712
6061
8293
8386
6861
2678
6621
9320
8360
5123
1984
110
594
3326
8642
6510
943
3149
944
3008
2039
6936
5206
46
8445
344
3876
1337
8399
3520
6786
4650
8717
4785
7809
6555
4893
4600
4052
8327
2781
9979
799
1358
1147
36
4430
8670
8690
1596
9130
9327
4214
6812
5928
1565
4786
9376
6514
1612
7616
5757
4649
5687
6217
3125
5019
3705
2557
4056
6194
16
9157
5581
8622
8622
7926
5698
8148
7602
7209
2768
630
6327
1402
6642
3509
6811
2126
3351
7124
3410
408
5158
7983
7740
3933
7186
3644
9636
6950
7950
3920
3355
470
7330
5749
277
2925
9759
8571
6866
8476
5088
9437
223
1450
6609
8357
2126
5159
836
7122
3443
8671
8066
409
5361
1936
9407
5178
1445
1136
9745
565
6528
361
8034
253
3067
4102
5460
9707
9238
7891
6084
5622
7297
943
690
3969
303
3701
6112
8469
5720
4732
7385
2481
2318
2652
5173
9967
130
9682
1162
1930
9703
358
9604
5213
6567
6458
7064
1420
6710
437
693
4265
6660
9665
5581
7376
7814
2690
7027
6436
2615
5193
5972
4446
3291
9159
4507
8899
8452
1430
4944
9669
3961
6036
4129
861
3187
8193
7092
8807
2186
1756
6795
6526
5792
4440
2841
8698
1420
6645
4372
2375
9337
5388
1547
713
480
1355
2074
636
7540
5650
7628
672
5132
9165
1104
4133
5398
9011
4623
3891
8858
4302
8605
9646
9469
828
1214
520
487
6277
6347
2647
1159
2158
9013
920
4229
2558
4409
5460
1352
8655
1237
5987
5497
8327
7434
3582
4040
2887
4226
2857
830
1188
7748
5872
835
356
1541
657
208
6347
3025
9691
6183
1079
2603
566
5170
136
6529
3123
2218
5493
4356
6356
3785
7227
6359
8303
2785
6999
4261
8816
8654
645
8791
765
3098
8825
4614
7245
8384
2271
1886
9259
3651
3695
4804
376
4847
7651
4250
7759
4224
7179
3825
3917
706
225
6830
705
8137
2793
1343
4576
4867
7723
5407
1500
7834
8004
3320
1957
3102
9049
585
416
98
8589
1897
2472
4021
8245
1867
5746
900
9003
4739
8806
654
4032
2439
8202
6665
7686
1417
9873
3987
892
1444
1957
1147
3930
3268
5088
593
9568
347
7233
4891
7547
8418
4205
2666
4648
13
2308
1997
2219
1522
4245
2772
2178
5883
9829
3303
3365
7610
8604
4215
8209
2621
400
277
5846
3858
3862
7379
4606
6412
2630
5768
6623
9926
1551
7208
3010
9495
5979
3938
2356
8551
1460
2652
7149
5570
2391
3052
4720
2379
7128
200
5618
2066
2870
5297
7263
8281
5200
8123
4521
2051
72
4992
5074
238
2951
8821
9068
1298
7537
3213
5374
2298
8602
9565
2714
9011
474
6513
3677
1971
3197
1341
4183
316
5950
6341
428
2449
2949
9472
4794
9016
3566
1499
9195
2497
1004
9595
6445
2742
2141
3605
9809
9187
2448
4769
3297
8359
3045
4348
5365
8123
7028
717
4552
2547
5072
9147
6326
4371
653
7292
6025
932
3200
3217
1252
2567
774
3600
8351
6858
9960
34
4628
2200
2237
8735
8442
1477
8544
8358
9184
3595
228
3394
8028
1342
7909
2281
7445
4775
480
3894
9469
3295
9606
1978
5011
106
5950
4126
5880
5782
4473
7484
305
884
9673
1151
2812
9798
4260
4872
3270
4938
6869
5347
8268
3926
980
7145
2241
8180
2599
6342
432
7312
8425
9678
2978
3024
2682
908
8017
1827
2472
6539
8814
4733
2316
5385
6192
7698
792
5817
4495
9728
5183
2839
8512
2163
4117
737
6209
131
8569
2612
4872
7760
9680
8277
3623
8561
9589
2898
562
9177
1293
5080
868
9803
5727
6789
5183
6960
980
1488
8466
1031
3099
280
8192
8092
4929
123
8047
4427
4111
9897
6638
5126
8404
871
2459
6678
8372
8264
2739
9423
1585
2121
5915
3176
6857
2699
2575
8473
4816
2247
2297
8468
5472
4061
8020
5625
7103
734
5185
1429
176
7371
6394
1771
171
7853
8197
1127
1505
4390
3356
1566
7307
6743
4906
2953
9587
1364
744
8836
4533
1285
1834
9922
8551
9790
4899
3315
9335
5298
2096
4217
9108
659
5459
7463
2175
2445
3823
3915
2851
2340
3572
2013
2963
858
7531
8264
4723
246
1652
8218
5675
1858
1661
9831
3815
2291
5319
2658
1937
4911
3684
5198
179
4601
275
6609
8312
9008
8287
842
3203
5162
7972
1813
6370
9211
2212
3725
8308
4330
3449
5266
7096
1126
636
2587
4136
5604
8118
7021
2998
733
1892
5036
5126
3254
6864
8258
2396
3663
2046
1502
3047
7888
5188
1118
5887
4912
1646
6048
9467
9513
5569
4965
966
8009
3582
4679
4850
4682
2793
1645
3917
2292
4634
2652
4308
4352
9139
1633
4949
3664
9828
972
4265
6462
7276
5791
3186
5603
8961
1896
8098
5369
3634
5242
2764
2563
1290
8083
2686
1995
5655
1945
3871
6412
1324
7990
6085
3153
3364
7830
8107
1869
4025
8127
3969
1581
5876
3569
3252
2827
4325
4493
2720
1764
2852
3130
2979
2140
4361
3030
4067
3696
6442
746
8115
5517
115
7553
7442
3055
9227
5355
4548
8429
9604
93
662
4851
515
9595
8844
2655
9409
8088
1549
2240
785
8605
3713
7996
3827
9081
7881
7922
4472
2744
7985
399
663
566
2290
2212
7696
118
4730
9095
1966
558
9776
8169
306
885
1570
2297
6318
5185
9729
1255
5647
3514
2080
3147
2224
5747
8873
6487
4186
5578
7057
3610
5824
5581
2541
5223
3162
2671
725
2453
3552
5931
1975
1576
5017
1865
815
3488
9732
2079
2101
784
5240
4346
1272
8978
6359
4637
9786
425
2376
456
524
7143
8261
6637
428
5904
2370
975
4075
5454
2768
1948
1012
4326
6768
9901
6506
9100
9227
3323
7665
2019
5250
4996
5023
2471
9010
2846
1988
5518
9258
9835
1353
1980
1072
8798
1717
7286
9952
2094
7942
2346
3990
7064
4174
429
2799
8697
7419
2069
6955
7260
2347
7064
3718
9537
383
7907
1687
5727
2080
5696
9096
9739
3056
7474
4391
921
8035
8851
7356
8803
6029
209
8636
9064
1837
7572
2701
2134
7338
931
8268
7723
1773
2775
3803
1144
7712
703
7407
2424
8053
5174
6809
6367
5226
1346
1555
7350
3467
9294
9453
2982
9817
4491
1320
1219
2377
2658
1188
1500
6128
4286
21
7871
8494
2456
3787
5938
2376
3570
7922
5872
7595
3543
2438
3328
7998
1378
171
1756
9031
6527
701
6689
9632
3472
3700
7826
27
1809
858
9954
4196
6334
5039
6353
6455
3091
9836
6375
4129
7587
9255
4495
5323
685
5607
8870
4820
2652
6585
3300
9902
4910
674
3849
3581
8264
630
9740
9787
360
9432
832
8031
4107
3186
2841
7598
9184
4935
622
4963
1132
632
3278
12
159
6596
8648
9685
4151
3107
2165
3721
788
6837
8569
3077
7275
5702
7770
2511
7327
1445
9344
9127
237
7526
8030
2494
8919
5492
5951
180
948
11
2693
5670
9205
5269
190
7128
2155
1859
2328
9518
1415
6238
9591
82
50
9550
7588
8753
6478
7627
872
7830
4652
2626
6409
8636
6928
7499
2580
3934
6610
5161
7004
2161
2583
2145
1201
7765
5775
9855
3253
6023
4336
6581
7531
2635
1731
6005
2049
1528
5261
2752
2672
5028
8417
4560
7953
5986
9827
2068
7058
2616
528
4282
1497
4582
5965
98
4025
2756
2493
6687
963
8892
8007
5153
5950
3784
9223
402
6106
5245
340
2254
9409
9384
2658
8134
1967
1431
681
8198
1652
7003
7941
7077
2487
4956
7007
8814
8413
3806
7084
2381
6970
3475
4565
4363
7512
962
567
2350
198
4006
3131
6683
3154
8410
1337
4125
474
3251
1768
1706
7728
7342
6921
4756
7308
6700
9813
6942
5990
8698
9924
6767
2116
2054
6432
4508
7824
1072
2169
1889
3022
1613
3194
8943
3388
4626
1244
349
9291
2191
1818
4600
6830
2729
1140
4493
1553
8460
472
4409
5787
2993
9757
111
9958
5533
6946
1001
8831
9866
4967
6098
2601
490
7610
4292
1463
2169
4773
7822
5258
386
4309
5704
2375
5572
4334
505
4605
279
1518
4569
7013
8330
2624
4179
619
2814
8657
8845
956
3641
5496
8027
9680
1060
4369
8640
3370
181
4379
1831
9006
7972
3635
8962
7955
8824
1376
208
4104
1890
4704
3124
7980
4125
7395
2244
6936
6963
567
927
8192
2004
5891
2226
1563
5139
6217
253
5278
8353
3653
865
6655
942
3403
3437
9033
5980
8896
2522
4252
7191
5463
899
9943
8642
1311
1849
3848
5204
6427
2486
7474
5107
1122
4753
1041
1471
9576
9745
762
5218
7949
3221
887
519
1972
8850
1249
6617
4663
2335
4734
2541
1209
8302
3262
2386
4444
972
1777
4455
3668
2187
379
9182
6220
7629
7466
2961
88
2853
5271
7090
6522
7624
2635
6551
1384
8970
2117
5317
2046
4342
9033
2924
4112
9165
8474
244
6931
1859
9403
8566
1708
9974
8659
2702
7353
4385
8447
512
8143
3200
8893
6360
8692
4309
8326
6886
126
8218
9322
8282
8939
3672
8883
4093
1714
4136
3523
9344
4506
5495
9199
8312
874
1983
7633
1290
7985
7284
2616
884
2279
6764
1891
429
1075
547
6478
5229
1438
8909
2427
3952
4376
9725
7044
4886
1849
4518
8224
2895
5739
7136
4661
1398
6246
1166
3870
43
4412
93
9628
6069
5783
1871
9169
5544
4191
1273
1099
515
2240
2938
8398
5149
219
7869
69
9378
3260
1200
9802
7416
2028
2470
308
9687
2120
8362
7505
136
1298
2549
7396
9452
1158
274
272
8497
5856
4000
1686
8609
5900
7320
1611
4171
8398
4976
8302
5798
6675
2958
121
9971
7607
9761
1685
275
9240
2300
1619
8825
603
8660
3160
1345
7358
7773
4920
6624
6718
3904
7063
9534
538
6960
1083
2162
3671
9421
2038
2076
9270
3688
3988
8169
5075
2168
2591
1650
4798
8524
3931
8374
2655
1170
4111
7290
2550
8056
9168
574
3025
3201
4309
7474
7954
6346
470
3576
1936
5549
902
299
205
9638
9779
5697
4327
2660
3387
9229
7971
6002
6802
2664
7847
8791
6769
8689
8582
5467
7553
4306
3858
75
8760
1845
9165
622
835
647
848
1976
8309
2252
2320
4943
4351
4019
861
2941
2689
5355
4381
518
9999
7814
4937
1738
3143
4941
2054
1165
8178
2324
3895
9749
9546
3456
7169
4515
651
4454
9199
3286
396
3878
7671
3325
896
679
5772
683
1832
4836
6101
1279
5163
8792
9982
7269
1801
4071
6014
6967
7628
9677
5113
5112
6817
42
1415
643
3029
8318
8613
8335
7091
3585
3066
6390
2781
6534
2988
2294
9785
1105
9956
1543
6878
1111
7407
7534
6798
9333
2726
1505
6055
260
625
1628
1749
4571
2264
6740
2954
7174
3546
6410
2113
1173
6225
3635
3551
7448
3733
3989
2699
5593
6448
7988
1599
8058
1698
30
5983
9841
903
9603
9322
209
3606
2425
1007
3100
3130
127
1122
966
1286
6609
4670
8907
6852
4139
3085
899
3135
6881
518
5589
2531
9647
7655
4537
177
7148
5460
5475
5703
133
2398
7277
7295
7671
3350
2452
2807
8780
1796
8486
4721
1226
3300
442
1100
2104
4208
6609
850
4658
9748
3611
7139
7903
9085
461
1299
3858
7891
1970
9807
5390
3194
4223
3302
6269
4723
843
7605
3027
7720
6303
4035
9598
2024
1898
4335
9616
1616
3145
4903
1440
9611
6341
1194
9262
9034
6285
5279
8326
8663
7526
4040
1719
8726
2655
6066
5861
5934
650
4750
8315
7975
4296
7780
8724
3125
3556
1142
8348
2948
2387
3380
8387
8659
7386
3759
8114
5285
1313
3471
225
2486
39
1208
1656
3420
9190
90
2821
4974
6712
6217
2445
9049
5657
109
5414
2672
5391
5322
3396
2180
1224
2738
2627
933
51
1417
1205
8567
2626
58
2427
2329
8798
6105
4553
1874
9291
5480
7798
4700
8029
7662
8337
373
1355
5236
5210
3300
8771
9890
3904
9001
8159
6730
7255
1496
9031
4434
397
8712
3383
2056
380
6647
17
7201
7650
560
6198
7939
1871
5151
530
3956
9567
7716
1205
7443
9626
7591
297
8773
2440
6667
6704
7474
2408
1974
1486
7825
9906
2959
1752
6545
9964
457
7915
2186
538
3359
9231
467
8698
1232
2605
4725
9295
2558
2799
2144
8908
7457
5192
3421
1155
9681
3684
9923
1422
3940
1505
4750
1838
5957
4749
8973
5794
2566
7025
731
3467
1559
2719
7200
9597
5031
1273
504
264
9946
7042
4821
7576
3067
6680
1729
7322
3348
2002
6326
4673
1068
7334
3121
6183
2529
7167
4852
6759
1735
5421
8956
3499
5551
9837
2338
161
7963
8779
1045
4180
3408
8149
1016
8888
2845
3842
2504
3333
1452
9570
66
5736
9750
9687
2834
6983
1068
2645
5294
483
1587
4262
6660
5587
8671
7074
145
254
2468
8765
5317
1257
8345
8112
4643
4834
4542
989
7612
2236
4111
3149
7358
9693
5706
668
4697
1700
1213
7064
4243
3326
2931
5477
1165
2571
1665
5925
3254
2940
2011
4566
7038
7904
9261
5004
9677
3376
5863
6593
1524
1127
7160
2810
4484
3126
7374
9308
1503
2919
3405
7918
5708
3152
1439
4081
702
9642
4379
3966
4359
19
2776
6446
8073
113
6371
208
5694
9512
1071
6054
6232
7757
9997
865
555
1356
9757
9871
5258
2807
9332
481
4831
3792
9966
5858
2719
1577
6837
4853
1757
3098
274
4366
7806
1763
8996
5652
5101
1443
8223
1701
2944
7768
503
4011
283
5671
6109
5245
4419
8654
4249
569
1285
584
696
2448
9416
9345
3704
19
9345
1450
3810
9677
3766
6320
6631
3809
3140
1640
863
2789
6548
846
2893
3950
1212
1630
711
8015
6659
8402
3588
76
5879
3134
6839
724
3906
5192
7051
1439
8313
8619
2639
3427
3767
7902
3413
461
650
1313
6326
8271
1149
5640
4328
5701
6486
6299
8866
460
1632
6812
190
8676
9483
1483
7088
1717
1283
4790
823
7169
5455
2421
5346
9129
6539
214
8117
7475
5767
4868
204
4025
5601
2077
1071
4821
9313
9940
6902
9020
7140
2068
4303
2121
267
2710
9470
620
8628
8933
4676
3042
5929
1104
8771
8918
24
4848
4160
1720
532
9290
4650
7325
6905
6279
2331
2952
5733
4322
4941
9832
4037
6402
5278
9473
3070
9865
4727
7855
1165
5228
1833
6505
2193
2723
777
7394
4152
5747
7902
6150
8743
9227
7304
675
6814
8412
9187
5045
2922
8253
8589
423
8557
5469
5412
7574
7259
266
7395
9704
1639
7474
5695
4478
2302
8536
253
3318
2529
4745
4806
7028
5337
3599
9597
737
6294
9301
7361
1060
9817
973
14
6321
1683
4511
1641
6575
5036
4434
5803
447
9240
3520
2605
2729
7144
1301
7110
681
7981
6024
7745
1162
5314
5597
1218
8337
2763
4890
2746
7038
9256
3225
6873
1679
6382
9422
4
9941
6968
7161
3767
2986
2378
1870
5244
3107
3206
9747
2285
6563
8083
8889
6998
5905
2043
8847
2879
6763
83
3475
5880
5098
1376
26
614
7576
3768
5683
2253
4447
919
1975
1662
5459
371
3379
9236
2467
2578
2409
7737
8813
8555
7764
4718
7456
6186
1243
4619
693
6872
1240
9171
2368
9146
9593
6476
7556
2472
1126
9245
7413
5889
3908
8121
7394
2829
6793
9308
978
9107
2721
6451
1134
2637
9425
8768
4255
4009
4954
3662
4505
2657
3952
7970
4825
3900
7180
5187
6555
2038
7006
2012
6704
8174
1191
31
8013
271
438
3132
4887
6081
9457
2434
7998
7249
8535
581
3591
7374
2580
9329
2271
8949
8036
3966
6220
7040
4011
1269
1974
2298
8629
6225
3494
9670
9097
3609
702
2433
531
253
986
5781
1827
7951
4197
8527
4880
4533
6063
5443
3760
6428
4989
6478
9500
7327
3617
5565
7280
263
5372
8460
7489
2197
7809
5105
6098
5022
1308
8267
8408
4855
6611
7157
5004
1826
8060
1823
594
9639
7279
1278
6872
790
5053
2419
9472
1787
7393
6538
1217
8740
8006
484
9131
7647
9145
4807
474
6999
7072
5940
7757
4065
2411
922
6743
8370
3770
8937
166
2324
4464
9705
6258
2040
86
5932
6968
6797
8467
2625
487
1522
2522
4778
9755
2168
8613
9169
5401
6060
4929
70
7386
1348
9577
6156
2459
5688
5208
3653
8739
3651
9849
9451
7767
8057
6337
9857
6123
907
1071
2089
2330
9993
6802
9735
7912
8296
7869
1413
9398
6980
4279
24
6758
3111
5382
7540
4607
2907
8716
6204
1043
2092
8978
1004
5983
514
5285
9018
659
2846
9982
490
1650
8258
118
193
44
438
9113
5901
8650
24
378
547
9386
7635
7640
2584
8845
7412
2032
3268
2460
5225
3475
1524
2530
6570
2570
4687
4950
5981
6054
1756
391
9749
1437
7442
2173
410
7858
1519
3614
7551
6483
9437
2206
3376
1945
6098
7867
378
2588
6278
5192
3568
2741
2699
3927
2715
7992
120
189
8321
7922
2647
3696
3385
3887
1984
980
1902
159
5525
9015
1874
7241
2639
1738
3429
5505
6792
337
4006
1974
4811
2093
5049
2255
1817
2039
5386
1048
9486
3759
2513
7527
2755
983
1879
3060
3540
5497
8775
5384
8005
7248
1864
4229
849
2390
2762
4998
5140
889
1520
4248
5962
1139
9469
2506
1766
1931
5889
929
1703
7094
4150
2895
7272
5938
8966
5941
3815
4340
9536
6214
6345
3280
186
8717
8444
3689
3753
1490
5516
3962
1631
7626
3274
7124
1268
5597
2730
1864
2712
8219
2140
2280
5159
7057
8686
9914
3871
1976
5424
6781
94
5872
1832
5278
4992
8907
1782
4748
1719
3820
6826
1659
9611
4482
6741
8262
2293
1408
6030
9913
3670
5967
8150
990
3181
1893
621
4070
5145
2008
5734
7211
1004
894
3049
2915
5457
9927
3673
5335
5551
8605
1877
3125
1757
2426
2802
2355
4569
363
280
117
4836
4148
763
5552
4960
7060
3998
2768
6829
2106
8563
9607
4688
8360
4182
1831
4549
1063
6139
7570
2615
8540
2469
6240
5389
4921
2648
7857
1991
8967
5233
2483
3305
6898
229
646
1879
8293
5335
7406
6755
6968
4174
8601
9282
8663
6710
1938
3493
4069
7654
5925
9383
9633
9842
388
3315
6200
1153
41
328
8731
2402
4060
7198
5282
3242
3304
1035
9105
6754
2585
8242
3753
2047
8409
2028
5506
6017
1883
73
2089
1440
2759
9736
1205
6996
5384
7669
6350
2404
2066
1059
2783
7201
5096
5659
59
4020
8445
3091
6318
437
4409
1170
6550
3646
1134
2035
3138
2015
6284
7561
3497
1635
5554
9426
7582
5299
3621
3310
7923
2473
4982
4769
2028
5112
111
1623
8917
4922
6110
4424
5606
4170
486
9213
3606
4115
1234
4129
9118
2984
6795
7483
5295
1590
1372
7148
1943
8951
692
1652
399
8344
2187
9450
7913
1677
9593
747
6473
292
5923
513
2112
1335
1624
5992
97
582
1051
5006
1550
36
5505
698
6946
9409
702
3470
8005
4984
8155
2367
7419
1753
9434
501
5198
3578
5533
782
1501
6458
5396
7015
8133
9846
1206
4462
6431
9391
5282
3234
1850
1580
4310
6316
2075
6876
8080
6370
34
3262
4610
8921
2318
885
363
2426
1956
2022
1428
2201
5244
3428
2697
4226
2668
1518
7513
8597
8873
7798
975
324
4747
2694
5538
6169
1233
2223
1465
8461
1141
9250
4627
263
8129
5906
966
8210
9569
3817
3974
6499
3099
426
7273
9849
9101
5463
1401
629
8918
7812
8602
9660
2744
7451
8556
6954
7436
8434
1170
9770
3910
8474
4276
4676
9274
5129
5123
7173
4432
6906
9675
1733
164
8660
4766
693
8593
6392
1390
1047
2223
3423
2682
6499
7193
1060
5933
2551
7860
2173
9860
2191
2542
4831
2831
3157
2643
9922
9065
6043
7318
3763
5467
4214
158
250
3166
2045
2847
4619
5808
9667
1370
6768
8392
1809
7223
4327
4509
8935
1074
6552
5317
564
4548
2282
2138
501
9284
4262
1377
8954
1245
5227
2558
8511
7570
4836
50
2762
6879
7751
6182
9024
8641
272
3261
8429
2505
5358
9860
4803
3645
2203
445
1602
5216
4849
8942
2522
7172
5179
1299
7453
2540
2202
8123
2984
2742
5738
6417
7411
9017
1765
8313
5447
7708
1733
2703
8304
1559
7855
6298
8179
766
5134
8806
6657
379
7694
9794
1596
3978
619
7655
4954
3612
1193
6379
4248
5716
5493
7317
6897
902
2699
3969
9055
7473
9241
1718
9089
7914
8356
6871
7037
7323
1642
8007
4488
4716
6040
7216
7284
1537
4973
4389
5049
7411
8766
4742
5480
1764
3083
8452
5067
1949
4962
6422
8225
5466
4563
5964
313
1177
1764
8898
1452
5134
1701
6311
1264
683
5174
2462
6778
1374
7384
3332
3204
203
2626
2132
5343
2012
9477
3415
410
7654
3026
448
9588
7214
3146
679
3375
4268
278
2900
1446
8479
1737
9871
5024
1281
1522
3829
4453
1947
7910
1438
2288
6028
7773
8972
6294
54
2092
5382
3286
1290
6963
4022
3569
1334
728
8992
5388
7884
1700
3669
1908
260
156
8887
6753
5588
3267
7277
1246
5872
4126
2473
5352
5005
2040
1656
9044
9178
4791
2649
9766
7744
4142
4930
4384
9977
5652
6383
2568
6032
9429
4733
4909
5847
9048
2518
3771
463
5265
8574
4652
5459
4520
6397
7313
566
8857
5310
8098
4062
3421
8632
9491
1377
297
8618
1736
5615
2086
6220
5770
1568
6929
1123
9082
4768
8019
1206
1877
4375
4132
6687
2120
2718
9564
7220
4966
3919
4490
4871
6216
1852
3048
1866
7812
931
9534
343
1890
1489
6806
4223
3258
9588
496
1073
6850
9013
2055
6045
7671
5270
388
2090
7657
3816
6178
2373
813
2353
801
171
9949
1083
2415
8776
9186
7392
7715
1329
6597
9461
4108
1231
6242
4037
7562
9853
8894
9200
9195
8788
6234
9939
1849
2293
6296
1850
498
6103
3694
3699
2488
6385
4106
5524
2249
5370
1012
7824
4610
1535
1402
3862
7504
437
9495
6634
7319
8704
4149
3944
2855
2467
1750
1255
6395
9705
4093
4074
644
3315
5394
9101
1542
3587
7286
334
9728
2776
7027
2601
7282
2427
104
5945
1418
2921
3508
7948
96
370
8112
7718
3971
6306
1346
4328
3043
9310
895
2978
8416
1265
9569
7479
1090
1655
6345
7601
4011
10
6679
5413
8395
1435
5832
8360
7794
4883
639
3553
9051
3562
1767
2993
4391
1881
5719
3120
3639
9291
6503
2442
2062
2329
7282
6602
7094
3670
9165
6342
7938
1207
1287
491
3444
3032
8897
6218
9489
4875
7888
2339
177
1266
9889
865
3483
7583
4044
7671
4560
2106
5580
6041
7351
4002
7006
2013
2809
9752
184
803
6333
89
4044
9844
3527
2122
4476
1559
4109
6568
2432
2042
9531
5200
8279
2126
1527
7997
4602
7491
8855
3409
5511
1511
8193
6134
1852
5337
9859
3220
3794
8323
468
1030
1085
1559
9803
648
7697
584
175
1524
6087
5404
1535
3053
992
7265
8019
1755
5849
9246
8562
5897
7471
3516
3253
3691
6805
3205
5468
8900
6484
7003
3600
5223
3187
2572
6264
3756
247
1956
3728
8117
2540
8483
3447
6785
1413
929
7207
3681
8112
9072
2395
5466
893
1953
412
2298
2561
1097
1388
3118
230
6341
9895
7283
2997
9291
8038
6396
7607
2963
1718
916
5656
647
2585
4324
109
231
1484
2647
6359
1951
3592
2283
9001
5341
1228
4395
3383
5037
6043
8171
5263
9992
8274
4180
572
9741
4781
1185
7976
1662
315
8537
3938
4574
9103
7869
2513
905
760
8180
1272
3413
3763
2486
3274
9128
9247
310
9247
1594
6849
627
1144
1308
6874
2464
3375
6953
1750
547
6115
6428
438
251
3299
3490
4288
5590
4008
1153
1396
2161
4328
5066
7347
6481
8984
3995
4460
5490
2002
647
5127
5790
7384
6106
7509
9344
6279
5576
2567
106
7807
6405
6686
7683
4290
6698
3955
4389
9307
8871
3433
1590
8258
3524
6079
645
2429
9245
6074
504
904
5389
2259
4932
5592
8825
3981
1612
3260
2496
8153
6989
4325
2130
109
7578
2104
5743
5058
5443
5842
577
1661
8587
2124
1485
2833
90
5390
3878
2515
8272
9848
2322
2462
828
2863
3601
6536
6716
4005
6219
5029
7061
9037
1066
970
4566
9341
6552
9076
5896
372
793
4554
392
2398
7724
3312
6968
8982
9358
8654
9602
139
192
17
7759
4550
9803
4640
4456
7307
7489
2545
459
2494
373
7053
95
3240
61
8625
4395
5146
2663
2567
6596
5729
3258
516
1094
9803
5774
8579
4886
4953
7663
3106
8741
9797
9886
6972
4215
9365
5896
8423
516
4577
1371
8750
9039
8450
519
6385
5558
3435
9025
9835
7449
7869
718
8581
4862
2709
5677
8362
7939
408
7333
4443
5526
1539
4306
8659
8802
3788
1578
7677
2075
8957
2309
9509
5852
7026
5484
636
1039
5072
2417
2480
7245
7513
7744
8939
1094
4653
8548
7755
6627
1731
6188
2338
1370
968
7679
6815
7841
6055
7983
925
7015
9259
6666
922
2880
5665
3062
6954
5695
2609
2302
8605
6473
2461
3592
1391
6887
9771
794
8494
9468
7088
8988
5169
5496
4766
1550
2231
8844
1823
6333
8846
4879
1202
3779
9333
2049
2934
4669
4820
5886
2389
9537
4458
5205
3459
9759
263
8073
1526
5751
3227
2871
984
1035
2447
4169
1706
1623
7683
7211
4156
9470
3255
5020
3227
8214
7534
3176
7578
5032
8240
9475
7316
7441
6575
3096
3120
3820
9324
6451
4406
915
4891
60
866
6483
980
4085
6055
6064
2395
693
5221
9705
6034
9990
333
5934
4766
3964
5748
9423
6823
296
3015
9030
2404
5995
8703
6663
8566
8095
8389
6247
7332
4914
1591
1723
5944
6212
7563
7203
7575
6628
131
967
6358
3845
5777
2592
2251
1703
8237
6426
8546
3683
4438
5944
8609
3799
7638
2489
1886
7811
9
3098
847
899
9886
4764
9811
5790
5310
7063
8111
3006
5869
7727
4539
2145
3839
6310
4894
1567
4941
2402
5911
9245
6488
2288
3838
7058
9229
505
474
1912
4058
8052
3253
4901
9888
1389
653
8490
6633
1828
875
2940
6828
2233
3721
9185
2590
3831
2352
1085
4235
2558
2560
7022
6166
4629
419
8676
189
1535
9428
9910
6353
9086
508
7857
7604
7926
4910
4258
7124
1843
6420
1893
2039
5581
7112
7999
5591
1595
727
2905
832
2646
9427
4094
5959
5392
9897
6679
4638
4180
2835
8356
3733
8335
558
4127
1987
4015
6318
4540
6166
5451
48
7683
5175
6644
752
353
2961
8507
7037
4795
6851
6195
8586
6276
9380
2231
8566
4210
1335
351
1454
9772
4063
3167
6097
4886
3861
5377
4213
9521
1399
9621
3512
8780
2851
4837
9049
2287
309
2094
8584
2410
4589
5580
9404
8122
8197
4196
3636
9532
6449
6968
7807
8180
8999
2343
7967
1968
1457
5507
3531
8120
9793
8247
2245
3241
788
8425
3708
3043
2570
2348
818
8224
982
8185
6848
150
3505
8335
1529
3262
8019
5336
8317
805
2916
4318
1759
2323
416
1214
6504
5227
5498
4923
9197
7010
4882
678
7567
6132
1865
8957
6706
8131
2069
7474
8720
7153
9120
4782
3423
3904
4262
1766
3936
7447
2287
1708
2281
2488
2713
2616
6501
2768
1994
2937
2698
8383
132
950
7995
6569
5178
3002
128
7612
9602
224
2883
2659
5420
8907
4172
2313
5265
5882
6752
5570
9071
2361
788
6887
1573
379
4184
8640
6554
6967
4130
776
4483
9137
3497
2571
4980
5258
9716
7267
4438
3754
1105
8931
8266
5773
2314
4467
4061
7852
8917
6910
717
9982
2218
5064
3787
8479
5819
9475
1937
4159
5791
5492
518
1213
9871
6626
2000
3430
5014
5583
7609
8697
6914
2507
7317
9069
6672
4228
2786
1157
2647
1938
4001
3507
1794
1682
9092
4202
6036
3409
1929
5816
3656
3420
2694
8164
1287
2726
757
2149
318
634
2018
6228
2206
353
6018
7714
4213
2277
983
5356
5758
5399
3954
6030
7348
991
9096
2614
1229
7314
1335
171
3989
568
8410
2590
4744
5294
9564
5743
6372
1146
746
835
1709
6478
3308
2020
3891
2718
5605
7786
7202
2469
6632
7577
2537
661
2814
4858
4461
6797
8757
2383
1198
6368
4171
6561
7305
1332
9452
2700
3136
2664
1512
4782
8520
858
1913
1996
3873
9239
1011
6325
4923
900
6348
7867
3623
2413
6670
5391
3323
1740
3819
76
4443
1532
6657
9303
8868
5502
782
8437
7018
1388
6677
1950
261
508
8353
113
8775
3416
666
7703
3537
3339
1206
780
4391
4158
1730
6444
3777
2453
4401
2266
6564
195
7187
9511
464
2277
2169
8065
3642
1405
6009
1226
2925
110
1870
1931
5197
6408
3745
3656
4957
2244
333
9893
7841
7858
927
3561
9078
1824
9405
4898
2385
1615
1722
7498
7653
9329
7719
3625
7849
853
1147
7578
8105
4150
1029
6546
6187
32
8529
1999
3925
8805
1114
5709
654
8895
2912
1135
850
407
8762
3611
410
4630
3629
5815
4363
3065
861
1315
3693
1290
3907
983
4687
317
2656
1679
1241
5688
706
3860
8019
183
7493
124
1492
2239
2667
5796
6317
8561
6190
3742
9431
5969
917
1398
7354
9703
3285
4265
1680
9397
3514
264
9929
3339
4599
9209
9072
5432
603
911
3181
5042
8900
3035
2701
7976
5352
259
2767
4309
3665
4786
848
4711
1769
655
6218
353
2167
835
8760
5902
1064
325
3917
8376
194
3480
374
904
1492
2601
5421
3550
5794
2961
8607
4082
3536
3313
4784
8252
4189
399
3582
594
3474
4379
611
5936
6778
8007
9407
493
7829
5543
6805
4859
2104
8533
2292
6095
215
9992
3578
1842
2421
886
2756
8119
1659
1528
3624
1422
4551
3933
2999
168
6263
5601
4093
6108
3575
2463
3467
9674
1415
1909
9880
3726
1249
7031
5651
1190
2089
9159
2091
7559
4054
6419
7906
5534
4336
2015
5072
6355
7034
1205
6452
642
9473
3434
9217
9261
1110
7811
1078
2300
681
8727
6189
4647
6806
6871
6025
4885
1541
9483
5466
2613
1452
7167
499
6894
8055
734
510
2626
475
3886
4974
1576
2616
3068
5205
6986
3422
7353
3287
7884
5281
310
2686
6031
1743
107
5440
7604
400
3662
6574
6580
7472
2130
1726
5120
6714
1422
4155
7477
1973
4416
8811
4882
2611
1937
3042
3453
8343
5787
358
8290
3351
7049
6386
5021
4515
2957
5134
8283
2373
7703
5583
4380
2153
7237
3691
1020
1615
8358
3056
7954
6878
1092
7429
3128
1019
1857
385
492
1962
3040
7307
502
9364
2648
4369
7499
5675
4100
2797
4817
6874
5391
3797
5829
4864
8111
482
7753
1470
1902
2627
7074
9870
4673
9507
5697
8503
6882
3880
6976
1391
433
62
1087
7968
4123
2083
6383
5726
6377
8100
9152
9655
2125
7048
3318
8764
4536
939
3601
6864
2959
2814
3821
5582
2847
173
2630
1440
9918
4081
7744
301
8981
6535
2807
8450
6267
2272
2259
1733
9555
1626
1118
6646
9
2304
6904
6966
8760
2046
1962
3020
2976
4696
1450
7974
230
6538
9087
8077
1645
1602
9142
2317
3860
1086
2468
275
7183
1584
8285
9015
3098
1481
1204
8412
1067
3829
6451
4678
1656
2771
1357
8107
6713
2184
4723
6493
8367
9396
2580
4071
3285
7125
6248
390
2710
59
4767
4778
8288
1196
8053
6685
631
6680
3946
5700
6796
7023
7791
9827
2095
4066
2658
9397
5011
6488
1598
9916
2961
1522
205
6950
7680
2465
2880
1265
1796
3478
9520
7936
4308
5114
9429
2111
5473
991
7303
8355
4771
1815
2724
9670
4805
563
4625
4337
3717
9951
4308
4202
2181
4908
5249
1649
2677
9502
9892
1638
5381
3351
1663
3133
517
5715
6244
3684
5104
4630
8820
9172
5880
9267
4553
1414
9747
1647
5602
5016
7527
2213
3821
176
8354
5226
7818
6049
3901
7412
3036
300
9121
903
1251
3928
5499
8208
6601
3589
9468
1493
3930
7277
1556
4972
3623
4364
1040
4844
7356
929
8913
8514
2609
4150
736
132
366
4365
1359
6507
3410
5995
65
1036
694
2986
8380
7863
1805
2265
7134
229
415
278
6542
1195
710
543
2501
7972
8472
677
3660
9694
9111
7923
1047
6499
1542
990
4531
7163
2541
2332
6028
3408
286
3146
1602
8322
2968
1177
4669
8700
3947
2120
8894
9191
8094
1304
2104
6989
2654
8572
863
9425
3272
2623
9632
7645
1273
4955
4513
5356
6228
7335
682
1353
2676
1888
8149
519
1634
5580
7265
2915
2552
4155
4445
1351
2327
5183
1987
2609
4262
8029
2931
1443
3772
4867
6530
3339
145
2701
2946
9894
3472
6659
164
4657
5631
1334
7083
3760
850
8987
9811
9170
6605
7910
5106
5669
5928
8347
2286
4758
7240
9872
7279
5084
795
5063
7013
8102
9396
8075
6477
9649
313
3145
7537
622
2041
6546
8014
180
7937
3165
6890
7442
4369
6786
6101
7432
155
4148
6223
7046
651
5103
2939
5284
6029
4642
2210
132
1547
6798
3371
9093
5990
8961
25
4698
9912
6156
8325
1978
3416
9211
7246
4153
9229
1590
431
295
7766
8035
7792
2296
1449
3823
6719
4276
4362
6061
5712
4079
5310
1998
9666
1067
9553
1762
1781
7084
6837
4509
1481
9724
4845
8173
6552
7713
6921
539
4407
7980
258
5408
9608
5315
6168
9082
8740
8194
4953
7264
8039
9341
8981
6978
1949
2937
4944
5764
2188
4428
6600
589
7025
4049
2984
3194
175
2976
8300
3720
421
9806
3398
995
3984
4593
2001
3032
6897
2167
8467
5522
9408
1768
5976
4147
2881
3208
1452
3440
6486
5362
4265
5251
6741
8417
99
139
7643
1248
2112
1398
1409
7925
3388
5010
159
3369
2955
8001
5166
764
8768
827
4194
8118
4830
3320
5672
7681
6029
5518
5147
9429
1088
9527
6797
1892
9956
1431
949
1352
9451
8477
8084
7321
6234
4232
4301
8563
6464
956
3604
7543
6760
5268
933
5441
1968
7258
4073
523
9899
9285
2804
8160
2372
9091
2834
3602
5061
2215
708
4720
3766
1732
7237
5810
1145
923
9506
6311
2310
3505
7274
9970
6547
8117
3394
1696
630
5056
5148
5965
5790
7518
1016
7832
9614
1484
2107
3812
6652
9731
5536
8608
9161
3652
6205
6808
8833
3907
8567
1965
7094
7433
7320
2804
9272
741
3968
6827
7480
8755
9273
3841
2397
4016
1040
102
8358
7197
2417
80
4705
3938
9906
5647
3788
3060
1171
3796
8746
7498
5667
4558
3608
9164
2663
9172
6512
7229
279
4458
5998
9499
7369
6814
9921
1908
8291
9682
4804
5820
9339
31
6238
8588
6288
3223
4759
6189
7791
1388
1836
7029
223
3408
1460
4225
3838
9500
6883
996
8575
197
3087
4143
3668
380
66
4274
7881
9428
7504
2657
4529
5193
5929
5690
3013
5167
3233
2214
6105
5961
7790
4399
5809
3212
8146
3857
3621
2579
4969
8179
337
1636
2469
5880
2944
2866
504
753
9082
1413
2897
3813
2955
1623
8268
6580
9174
7296
8259
6648
1162
7796
5033
6989
7395
3419
6281
1171
868
7265
9626
1474
8436
4511
5750
8077
8823
8202
3179
2009
863
2459
9777
9408
4594
8207
941
2545
6957
6336
1237
7947
1321
4467
3493
3210
2413
2691
834
1152
516
782
141
1832
8209
4846
2427
1511
4400
3147
3234
6963
9119
3071
2054
7593
1037
7739
8677
1434
3777
3768
6991
6438
1022
1920
1834
796
7989
6141
1893
1727
2508
418
8380
1229
6382
9578
6043
8829
7156
7293
2854
1095
3906
202
3225
7769
1652
2001
6635
2118
3978
7520
4393
2625
9714
625
7456
4667
2645
8098
7434
2698
101
3525
6637
5434
2150
2089
9104
2856
9577
297
7424
2604
7745
5555
210
5671
6352
2219
7017
1726
8833
4737
202
8886
8460
4960
2030
1840
7365
9337
5017
1270
5397
5824
5945
5703
6094
6052
928
1055
233
2949
6597
9019
7315
4513
2280
4444
8359
5840
5221
3946
3773
1777
1835
5002
564
6596
430
2051
4523
9849
2857
6525
8279
8633
4376
2619
1264
7748
420
5531
8236
3338
8768
588
6224
1678
8292
7407
6980
6984
6456
7953
6694
8681
756
5400
946
37
9030
7131
8961
1612
8755
3255
9168
569
3201
6719
4867
6511
5444
3028
3241
5152
8296
4118
7776
865
7759
9753
6524
9834
3594
3947
4117
7474
1853
4677
9535
923
8479
8865
9679
3049
5631
9819
1802
3080
5197
635
6575
7055
5144
465
984
4912
6580
209
6668
2338
9775
4082
7385
8640
6547
8690
561
2163
2366
6540
9570
9421
2624
2828
2603
9032
4293
290
460
1519
7413
9718
1917
4378
9320
6635
4977
1968
5453
9414
60
8344
4092
7633
6034
481
3963
1659
6402
435
1886
403
372
1301
9587
8389
6127
881
669
611
1038
228
95
344
7187
4394
2891
7737
4813
4042
3787
4381
2038
7581
7280
5055
3952
6341
3225
1665
17
6428
663
9250
1804
698
6222
3171
7266
7436
270
1367
8905
225
2227
986
7308
2230
3130
148
627
3380
9190
477
852
7960
9329
8403
8698
6196
454
233
1173
6261
2991
1779
1506
6277
5354
1359
8269
5681
3730
550
5508
7053
2603
4532
4125
2230
2429
9347
3099
600
5237
2399
7213
1074
9817
1606
1144
1159
6042
5454
9334
8038
6591
1323
3198
604
6847
7089
6
7352
5103
3559
1143
1855
445
5965
1952
722
1068
8223
8989
4685
9778
330
458
8801
670
8767
9938
7940
3581
3670
2589
775
4303
325
6681
776
3765
3824
1351
633
2494
435
1114
1377
3715
8526
9260
482
8911
9840
2834
9147
3859
2711
7921
5630
7241
5863
9809
548
8167
7785
2560
5472
8550
4166
3994
2257
3444
6053
2568
156
4663
8625
4038
5194
7411
6478
1450
5198
3709
9133
5250
5865
8337
4542
2796
6337
8929
9045
6028
1359
9167
3425
1194
2345
9646
5641
1562
576
6419
6519
5312
5306
2721
7450
1843
2946
2502
5110
849
8846
8336
8447
7395
6785
1732
1846
6275
2146
8560
6338
7179
2814
1919
3
5664
826
253
3876
5279
2395
267
6223
6471
6377
2902
3637
9767
2641
8691
7965
6713
6314
8014
4765
975
4986
2371
6135
8172
7962
8540
3174
2391
5719
493
730
5612
1259
8156
3711
5427
6140
8532
5492
2629
8418
9324
4091
828
9583
4420
5148
7994
4474
5856
5248
1005
5308
1784
2715
8001
671
6398
2392
4103
5412
7698
9835
6533
7044
1795
1859
1758
1369
3494
7375
6227
158
2924
7587
6889
212
2399
9483
7805
3878
4557
6159
5814
9263
3001
679
7738
3611
4782
1473
8067
1131
3381
7041
6387
4189
3657
9672
1174
476
8937
8712
4936
9539
830
310
7591
1032
1309
3121
8953
2599
4703
6707
7040
7355
3327
7382
7981
2100
6996
2536
580
6646
592
5858
5599
6223
2424
5909
7285
1451
148
134
6124
3723
1449
316
5884
8611
1334
6471
1174
6851
4764
5203
6869
6761
498
1197
4564
676
391
646
8481
4092
1113
3590
448
3120
822
9507
5314
4048
8385
7761
5784
1853
9383
1372
5266
7885
1394
8196
1133
4835
2797
2904
5261
1951
2058
8759
1943
2018
2977
4434
4690
1205
8233
5798
5214
6842
2236
5737
1030
7458
6406
1507
5138
3984
6046
815
2545
3855
6376
7985
6885
9504
4746
170
1023
7462
8750
3258
9804
1862
7880
8245
9904
248
9512
9066
5570
7491
5170
2816
3512
5401
8476
5073
6805
7694
3511
1692
608
4351
8210
2085
4486
1952
8907
304
6275
8967
2824
6142
1997
1319
581
1063
3665
7391
5710
1001
4115
5461
479
6367
2384
1661
2059
422
3094
1470
6202
8924
7351
8342
4790
9465
1385
797
5928
5715
5377
2200
2494
9884
6529
9023
7216
975
528
6097
1859
236
3145
4822
4141
1119
5047
3926
1658
5000
3247
3016
895
2070
6750
6557
5517
8421
9189
2798
9880
1754
4306
195
5785
5212
3873
7285
7968
4550
8354
5430
6190
6426
1885
3328
7250
1976
515
7180
7746
8351
6199
2020
9485
867
3326
858
2991
9968
1970
7771
1652
110
9581
2654
8384
6645
5892
401
3679
1923
3857
4518
6744
252
3718
6250
3255
4017
2815
6471
2300
9972
2279
7386
4526
4155
445
5943
9619
4451
7961
8139
20
8182
8266
8275
253
2496
9682
9115
5843
6175
8756
858
9225
3417
1724
9772
9028
8659
2048
5215
3262
1455
4278
8930
5384
6485
3718
6571
8243
7701
5089
6616
6112
5243
5202
9657
8390
6564
963
7852
7237
2257
8083
4776
1913
1418
1448
2062
2721
7493
3328
2428
5616
1575
9148
3988
2084
1513
4830
5870
5973
3807
5442
6825
8944
5205
9611
9463
7461
6442
7920
1322
9597
8066
2951
3897
752
2471
1520
7736
5910
2288
6150
1655
4780
6740
3537
3577
4233
7537
1551
4263
1426
8952
804
7142
9883
9387
7424
3191
9168
7978
2896
9614
5939
5066
2247
4213
8725
1351
1343
3394
5290
6683
2250
342
3208
7776
8254
7927
2097
3026
2192
544
9186
6505
7120
6855
5419
6518
1718
9168
1183
811
7931
7568
5470
5968
940
85
4786
6627
4474
2084
9910
1727
2213
3234
2094
7601
3802
6487
2754
1095
74
9104
2573
9161
2797
2772
7158
7197
5047
1322
8220
8374
1994
2009
4215
4284
9004
7631
4925
5122
3099
3302
1170
7572
8862
676
3060
4623
7613
2386
6710
2261
7364
6095
1946
641
7636
2614
1829
2201
1578
6413
2653
6818
8212
671
6086
2007
801
4109
2798
9149
169
5760
8358
2849
9405
306
3074
3811
4048
6270
1283
6151
2310
7109
5331
153
1131
6083
1279
6945
3256
1265
6668
8855
2177
6044
115
233
163
2373
1871
347
4492
155
5882
2526
3291
6438
6770
2852
1626
6933
4449
8099
5400
6730
3326
3464
2476
9332
9710
1486
5335
1070
5647
8223
874
4294
454
233
9768
9809
1575
8613
7341
3629
501
1748
1583
2375
3051
5995
1331
685
3770
2546
5971
3447
9732
4599
5023
498
6440
519
3618
1084
2015
9680
3750
3575
839
9616
5610
4936
77
2098
4147
9775
4096
7531
7585
5324
9556
8512
5540
288
229
4107
6670
3042
4316
1373
9050
1395
8678
1685
7214
2164
1395
3474
4413
8486
8429
4470
1456
9106
4282
2747
5574
8634
3667
9835
3450
2559
2662
3930
1860
9413
6089
9270
5154
6900
6656
7091
1767
5825
3216
1728
5781
764
917
6414
3400
75
7201
2754
7155
3734
5366
760
8143
7764
4102
7722
1872
8647
249
9570
3755
6484
9807
1933
7925
2006
3990
8848
7310
4034
4734
2031
7822
7869
6443
9099
8174
1373
1787
1532
330
5838
3241
128
837
2871
2641
7667
6094
2060
1701
1007
5457
1909
2191
3397
9265
2638
3367
7533
2277
5488
5800
6923
4081
5600
5342
2083
5895
7398
3635
813
7453
2497
1019
3100
2336
7178
3339
6316
5433
8566
9601
4842
7055
7007
864
2377
2302
1445
7803
9522
7430
8865
5797
9835
6919
8907
6486
8011
651
1309
7617
5245
4
1927
1619
8483
8249
4820
1982
9421
9755
6765
3575
4235
1100
7852
9644
6687
2402
6676
6282
7750
4921
2063
7534
7144
3703
5576
1947
5021
7923
1018
8188
6883
8312
4104
5626
7806
2807
1919
96
5680
3931
3625
9213
2297
4305
1428
1929
7087
9319
3874
4828
641
2132
6657
7867
4329
5113
3454
837
5041
1190
3653
4925
2424
7712
5677
6200
9157
8242
1042
938
5658
9986
3410
8076
7004
5845
9469
704
6210
2277
6950
2664
413
7841
8975
9844
7047
678
1524
8235
5487
9789
2791
5292
7667
9621
7820
9701
8879
946
6741
9044
7333
6646
8753
1531
3517
9056
2928
2377
6864
9346
9882
519
3071
3287
6257
3329
5594
2165
532
7958
334
8287
3990
9105
6893
1534
7310
8457
7108
8704
16
9605
553
4257
5116
1380
6324
8666
3669
2940
960
1912
9477
3394
114
3871
3263
8841
4905
190
5125
5326
1814
5412
3723
8532
3486
5955
6523
9067
2237
1763
8315
5703
878
939
5260
925
936
7404
1076
3505
3355
1902
911
2254
9596
1920
8433
950
7325
8681
15
4395
3184
6820
3214
3628
2701
1468
5132
2404
6450
68
1070
0
4667
3658
5850
7744
8354
9389
8214
3071
3544
1789
9424
1270
2293
9458
6655
3182
2605
6575
2746
725
1492
2328
136
9571
5506
7202
3943
7004
7418
4954
6929
7513
2296
1624
8076
2611
3370
2901
7361
223
128
124
320
7185
5542
9901
2033
5882
2370
1655
926
8611
9273
9751
1375
1119
1975
5596
3830
1211
2142
7453
5452
6682
2174
5661
1500
3343
7334
1453
4479
1433
7419
3235
2807
7174
471
1898
656
1745
8419
9482
3299
1086
5624
9993
269
9225
9585
2402
5727
2105
7573
5525
952
5530
3957
1599
2976
955
1553
9948
5814
8293
8832
762
7853
2686
3695
2720
7826
1357
7193
1695
8673
9918
7896
9191
2136
3352
459
3917
1708
2734
2760
4059
6955
1667
868
1352
3266
7969
9425
7450
2992
7515
5191
8426
7562
8369
2855
4871
6992
420
9771
478
5920
8379
4466
408
8746
1926
6891
9747
1140
2113
9471
7638
3439
8891
4612
4608
425
8407
4303
1024
2388
5394
7497
9722
1334
8679
2150
5016
4659
2527
1874
1327
9512
1245
1965
3636
5546
185
3049
7279
6223
1835
6033
5006
6826
7819
460
2669
9805
2262
1634
3589
2361
8884
5854
1458
9706
1271
1269
3978
2705
8086
9398
7515
9522
9259
6354
3028
8271
8490
510
2742
292
1156
9030
1836
5526
1419
3861
9081
3429
6566
6819
3297
2185
4519
541
987
508
2539
3691
2277
532
8161
110
8393
6084
4671
3545
5198
8035
5089
5489
146
8445
3604
6072
3495
4393
6082
3206
6235
5083
1551
7353
9693
3115
2260
9247
1740
4406
377
1153
130
1218
6168
4723
3857
7704
1231
1545
8157
701
3350
1612
9578
9681
4210
5788
9511
7501
5018
3224
1532
9686
6184
685
2016
8391
6114
8764
7693
3198
4186
6415
1912
9829
642
7516
9884
180
5892
5546
9606
4117
6225
9908
8903
296
3976
5069
1877
8137
2089
8819
3987
2222
3707
3590
1970
9397
747
8827
6135
446
2102
8796
6159
5108
8008
1250
225
4914
5414
8374
6947
7043
7321
6051
9296
4955
2636
129
1208
3268
744
2302
4856
7739
6094
8333
4347
7805
3173
3812
2129
6380
996
336
3872
551
1506
7788
9176
1672
4220
7266
1739
223
9831
7585
5245
5616
6967
7136
6120
4616
2319
7858
7011
5190
1290
3738
7476
8967
8297
2736
4051
2994
3710
2405
2977
7798
5032
6403
2650
4752
9312
4329
9703
3617
4835
4998
4550
2608
6945
1587
1085
7580
502
7078
1101
5285
1511
4116
8308
1915
607
6487
1894
3415
122
6320
5565
1545
7602
1007
6030
9585
5352
4385
1789
6402
5765
7881
2788
6323
1282
7234
8576
2312
9637
1731
5549
7105
4940
7572
7955
434
5247
1664
2353
8066
8849
8268
3417
9096
583
2919
6316
1667
6813
3282
3111
1432
3941
8770
4382
2754
5729
8852
9688
9876
8115
2688
7627
8099
4035
465
2762
7522
9713
1204
6508
8509
1707
4383
5247
811
465
3636
8284
6558
1367
3429
173
3548
3035
2074
8764
3491
6471
6705
5214
552
7753
998
5152
7473
7218
5716
464
7092
1084
8218
448
831
4783
4593
3926
5194
8854
989
23
3722
5421
2722
1942
9575
1838
6841
1447
7423
6732
3155
5641
2140
2719
2349
6483
1108
4418
1732
8494
577
2633
3227
9107
5024
5671
2619
2023
2733
2479
5755
5700
4383
2425
80
7082
7247
4263
9526
4022
1807
5704
3279
5617
585
9533
9836
6060
6645
1531
714
1210
319
6144
1390
2432
2840
5161
437
1800
3132
419
3349
4492
8133
9025
984
5649
6286
9342
3994
321
6730
4083
3184
9486
3813
2603
1195
3332
5627
8724
350
9902
648
5129
2508
9212
7167
3854
1046
6915
2544
9644
3828
1654
164
606
3633
163
5626
5691
8748
3025
2343
1300
5532
8521
8969
1456
8803
6594
1357
4903
423
18
5106
7148
1021
3249
3726
14
1238
3488
9103
2240
7423
2986
8500
2360
5556
1769
653
8117
9701
893
9936
2757
5707
8153
9646
7973
5212
1918
3813
4938
7901
2236
3687
4880
1544
7190
8299
1713
3295
1797
4626
9880
703
368
8461
4375
9768
9611
8734
2709
4636
2157
2556
892
1190
3510
1418
9154
4845
1457
4730
742
4617
5862
8366
1662
3334
1459
2271
223
6055
9052
2914
2124
8716
689
6504
9314
310
4223
3684
8980
1514
2202
7155
6882
6645
6649
3543
4351
6767
674
6980
7427
2355
9895
2031
414
286
2561
2627
1087
6614
2157
4213
6420
77
5220
9147
3042
5014
3071
3001
8792
2935
5882
7980
2335
8831
9321
27
3572
2986
7273
3499
1609
6691
5800
5089
9176
937
2007
6413
8586
325
2174
757
9800
1883
1937
5743
160
2735
3314
1700
9129
6138
6904
7649
1434
2765
1902
8560
9176
4613
3342
55
8639
9759
3664
1630
1108
3998
5693
6279
200
1867
2633
5689
7183
4797
3201
1245
9538
7817
6273
8477
9329
8539
2281
6073
6029
8950
2769
3277
341
168
5978
8016
8143
6418
6039
2189
7258
54
8988
2167
449
5874
5685
9673
3074
2428
9147
668
3248
1166
195
8476
3846
3892
9575
1533
7774
7219
1689
297
5201
8348
5588
1582
2943
8082
2405
9286
1025
9865
8875
695
5357
6303
8715
7052
5401
8559
7687
7395
3172
4707
8560
6057
7794
4426
4121
7907
1526
123
5358
7726
5941
9721
8661
7785
136
4423
9171
1889
8162
3294
4578
4701
1379
5372
498
8620
8908
543
8350
4876
1620
5859
704
7564
3099
1480
103
836
6413
9543
7400
4579
2633
6726
6691
6489
5554
6139
6904
951
9541
3149
9706
6467
4780
3553
2274
7152
6227
1444
5671
6622
2409
8596
8428
5790
2346
1028
9482
5400
4762
79
3904
4624
468
284
24
3158
3764
483
8637
3870
6690
4112
106
2800
2256
7877
2212
1872
5109
8965
266
48
3627
7918
3227
2741
4934
6454
7529
8440
5943
5658
2349
2541
9760
2115
9548
3321
8072
4666
1560
1727
7952
1036
474
6108
311
865
7102
3988
5660
2682
527
1564
6562
1546
758
4106
6457
8551
5597
2394
5290
161
7144
530
3171
2418
3926
872
3284
5221
7027
355
2329
7884
3282
8863
3113
1597
8971
8388
8638
2349
927
7017
6774
2064
835
326
3785
2751
44
5303
6876
9563
5160
1704
1254
497
670
7005
5713
9711
1622
2032
1171
8790
1547
4673
4637
1872
9536
1945
1620
2355
6481
1247
1326
9239
5740
8287
2751
4661
3312
808
6277
5329
7429
3925
4145
3065
7836
4046
7639
1182
551
5488
5415
8066
9900
4442
2061
2818
6375
7977
69
1735
5518
2998
7716
2168
4681
1327
467
6226
1153
2612
7805
9946
9143
5970
2635
4242
8488
8853
2846
6474
1488
4201
2189
6361
2446
1906
9599
1053
7831
9021
7339
4159
6909
1079
3246
8202
1024
1996
237
5101
9861
4482
7275
6927
7959
4135
9870
2787
7307
9417
3853
6220
6265
9797
2668
7267
7672
9169
4668
9750
8104
4062
6364
6243
5606
1592
1189
2950
7835
4832
9412
8047
9046
1324
9241
807
5692
5629
1344
2101
6749
1025
4685
9308
9176
1418
1454
6247
6306
8399
3419
4808
6627
4066
7969
940
1569
1778
784
1347
2337
5281
8770
1999
6091
5337
4221
2684
3854
9642
442
2991
2580
7335
5334
2881
3143
4658
7193
1710
7924
7365
9046
8680
4223
6451
5330
6914
3607
4477
1081
1050
4219
6313
8669
8534
9997
4321
9776
835
5350
1816
5668
3674
1114
2066
64
644
9085
8788
1958
8399
9879
1129
5171
7617
1412
5079
2279
9164
8303
4290
6022
739
1792
4575
7358
6636
2003
4443
6666
1174
8315
9773
7877
7005
1974
7306
1875
1788
1011
7832
173
4003
2834
8661
2460
585
8411
8568
6696
5635
1089
2487
2128
8421
1368
395
5437
4392
9429
3633
9922
6797
9509
4819
279
481
8097
2439
9735
2066
6464
9494
1382
8081
3533
687
311
344
9595
9212
9884
8910
9638
4870
1887
2057
5116
4389
1393
8371
5675
6490
7778
127
925
241
9504
6238
2962
9681
6883
2717
6076
694
4712
370
6497
1841
4092
8983
3500
2989
5500
3446
469
2837
987
8934
3202
5317
532
5940
9150
2143
8272
9077
8714
8543
6233
9355
3361
2384
2528
8774
8480
3104
5485
9710
9557
4049
677
5774
1126
6162
2320
3874
646
6158
4923
1829
4421
1155
1580
5716
4341
2550
9877
887
3188
3140
1802
1249
9398
3964
7382
6293
8162
6540
299
652
1089
4841
8440
2084
402
5907
1472
2235
3314
9128
5161
77
26
7399
5618
9882
9049
808
5337
2748
7123
7738
2667
9047
6186
5133
3661
2353
380
5570
9179
4084
8318
1808
1727
4770
3416
5848
1972
9673
6624
4410
6363
5735
8203
7689
6078
799
8849
7309
3363
8412
4688
6952
404
8982
452
7740
2316
2291
3478
1210
4500
3839
706
910
9152
1711
1950
1593
2419
7507
4808
270
3002
186
8527
7650
1512
1002
8165
8046
9709
5424
2514
1846
6172
1925
6700
6463
269
5234
3799
6461
992
2853
9336
938
5300
1812
4718
734
4839
7233
5410
5035
5518
3071
5806
2120
1127
4901
9197
1841
3325
6816
1394
8237
9020
4461
2747
3280
5942
4103
1847
8001
4037
9774
7525
750
3490
7769
4591
9007
5302
9453
3751
2633
7551
2286
6241
5156
5412
1541
4690
351
1900
9411
9047
5619
3116
9510
6952
8533
2032
4537
2286
1727
5837
9584
2979
2033
4084
533
4137
2436
6073
2172
3998
7056
2548
6750
5727
7263
6583
7380
3467
833
162
8290
121
2705
516
7399
987
8168
4435
8737
9477
8288
9246
4678
2873
7611
7872
4848
5621
7958
695
809
5328
664
9926
1944
7088
8159
5368
6282
4896
606
3271
5092
4496
2959
92
5864
7069
5423
3319
9927
4707
3706
2240
390
8768
4837
2687
947
2698
1723
1674
5418
5764
3113
5069
8835
77
4014
1455
6750
1657
2589
3426
9714
5141
7990
1371
2818
3493
1908
7587
9586
8960
7063
9613
3928
4462
6661
9561
5622
1489
1868
5560
6231
8338
2428
4865
9416
1373
5747
8580
1929
4207
5304
8797
7540
3023
1388
6234
5277
9099
9294
2112
2986
1845
8350
9580
1606
9838
4404
3798
1152
2272
210
6794
2585
7698
2231
474
9470
4584
7957
8366
5139
1850
4566
9054
513
3270
1498
1681
432
504
4852
6039
6425
968
1239
2708
8213
8085
9450
9437
9146
2257
547
7704
3992
733
7907
9023
5806
247
8926
326
1571
8896
7327
2606
4370
5171
345
2600
7348
3171
8688
7245
1684
5332
2457
1918
4880
2941
3248
2024
3932
5580
3129
202
7371
410
4281
6378
3488
1361
7221
3556
1057
1275
5067
6596
7566
477
864
3463
5265
340
6505
2349
9878
862
8574
8018
2908
1453
5612
301
3629
1607
186
4088
8747
5777
5167
9905
8603
9550
6786
7808
6374
7154
3169
9674
5117
2332
1814
3861
8062
1331
1303
6702
7605
3184
1981
1400
1012
1213
9192
7285
7381
2796
4864
1513
9855
3659
1055
2941
1032
8902
1853
2418
9402
3550
1548
1990
3065
9113
1797
1276
4259
473
4450
7159
9721
2081
446
3111
4238
5894
9466
264
8125
9602
7826
2518
8768
4191
1423
5862
8910
434
7566
1841
2196
5254
8481
4130
8472
7818
9700
8306
9785
941
2914
2081
411
9802
9257
3784
8882
4175
1980
6957
1517
6642
648
2263
6501
821
2425
2243
1398
9321
8285
1190
5917
3138
2313
2020
1122
5146
859
9904
5208
9224
959
3028
9347
7218
4614
4708
4809
6352
7877
2126
5308
2691
2426
2724
8711
4774
7507
9934
4215
436
354
9625
7436
8618
9756
3717
5664
254
7058
606
1271
9585
1218
8600
7224
433
238
6752
2059
4961
6668
3729
7203
8989
7632
2069
158
6121
183
9981
3034
8345
6565
9730
2730
3655
2050
2620
9466
928
9297
3907
7823
6832
6385
597
5762
2479
5223
8679
8079
1387
5163
3999
7001
936
8258
5281
1313
9942
5100
473
5622
6243
3391
3673
7951
6288
7108
9795
8151
183
5024
1817
2120
1853
1989
7858
7707
2245
1722
8832
2190
7558
5769
6672
4455
861
5512
2466
4520
166
6970
5466
2468
5319
7590
7045
8354
2333
4600
576
3903
2428
3671
2534
4360
8849
4695
2424
2361
2154
31
3442
6655
8712
3726
1452
5877
787
7050
1614
6765
1263
569
7751
620
8159
1299
6720
4907
919
2568
7340
7164
1765
1118
3843
3850
2563
5693
7839
8980
3254
2431
9398
75
7867
9874
6778
1370
4131
4208
3070
2437
5484
9041
1626
2613
1506
1407
5760
7684
7253
9114
7359
2163
9229
2461
8648
7300
5515
1777
9151
6149
754
416
7636
6762
6886
2349
2595
6526
6772
3074
5065
571
3922
8362
2889
312
7336
4016
4046
1394
1551
3480
481
1391
2777
9244
7740
6063
1842
5337
144
707
2325
4700
9748
131
2641
3191
352
730
4286
6185
