3151
9007
9258
5781
6861
8471
791
1539
7238
6087
4300
1398
456
5118
9930
875
2959
3644
1624
797
678
3760
9189
734
4938
6255
2783
9638
6370
1468
5747
7594
1388
980
4902
5649
2569
3992
3780
4659
9356
9921
7911
6932
3455
1215
6395
7744
3846
1346
2879
6502
6392
1165
9118
8026
3404
1064
8511
1558
6464
6437
649
8897
1887
2805
4907
3442
7012
8092
7308
3510
1178
2258
1022
5105
6823
3035
1352
8753
6680
3946
1076
953
1630
6113
405
7149
5449
7916
7438
9113
3956
2911
6111
5623
961
972
769
5633
