8342
5578
6213
5603
2825
6466
2791
9397
3848
7212
329
1672
5276
4346
1229
8366
3007
8019
6834
4319
5083
1907
5860
7144
4213
1280
8525
7863
8234
2032
2720
8645
6104
2170
9384
5859
496
442
3884
8777
1978
9593
6741
4442
5067
5516
1555
5676
1299
7211
3469
8695
2393
9269
3272
7051
6763
7314
1098
5879
1104
905
9728
5463
9537
3876
9132
6606
9863
3216
8163
1540
5590
9705
9126
6882
9259
8790
1774
1916
1442
1537
1566
3005
5244
9066
6212
2953
830
9836
4928
4575
1357
2575
7800
2863
7577
4848
4587
2043
3751
6654
3764
4239
3220
1830
3906
8981
8838
5570
8646
3301
3605
2525
6428
5691
4810
426
1646
1067
9799
8581
6229
3497
248
4858
6145
3108
3320
1222
1067
9314
4455
9915
7561
8914
1402
3927
7090
2606
867
86
6594
3680
6579
8151
9552
7062
8350
3613
9119
3097
2285
9735
6338
6826
5113
8403
5475
2254
6791
1118
2405
4668
8655
3294
696
1396
9762
5940
2574
4259
1259
2172
2620
1316
8853
1143
3714
2073
8125
6187
3071
6234
2761
1465
8943
1692
9369
2224
8006
7382
4941
6336
4161
4529
2504
7153
1979
6846
3155
4261
3837
3388
5397
4491
1386
9338
1377
7909
650
8618
5249
5773
7749
9766
8162
1155
5619
1559
6975
2634
9153
3828
7187
5124
3175
9960
3769
4683
5560
7607
6134
1730
7785
1314
281
5307
7365
3593
3730
1306
6144
3697
1377
1129
3371
2934
7888
2637
296
2835
9668
1545
1374
3487
1567
3250
9711
6666
7994
1908
3256
5352
1874
5939
8136
1229
688
180
5461
954
717
1708
6635
8951
5941
1080
4423
7074
9963
8959
9252
6567
5262
9238
5859
976
8587
7395
3616
526
4035
452
1154
9
8783
5392
9267
9268
4705
269
7618
2085
5772
7636
8149
8964
7222
7283
5826
705
2108
9618
9424
8443
2119
519
7001
3006
5679
685
2627
3757
6829
4771
1312
5297
9429
577
5138
3440
3732
7872
4515
8673
7558
2363
7364
191
8507
6992
2308
9980
4506
6092
7332
8792
7447
4102
9000
3474
7201
6538
4064
9822
3551
2153
5592
3192
541
3966
4829
9160
9713
9813
33
3431
8899
5607
545
3729
4700
7529
9029
5467
5966
6310
151
5350
7924
458
6488
1140
1675
976
5903
218
2994
2718
3523
9464
1310
8944
8075
9253
7905
8514
7860
4558
9548
3538
1844
8081
2946
1813
8188
9828
526
7416
9107
6028
1848
1194
8368
4715
2853
313
8472
457
4493
2186
1673
2598
5088
3645
4198
5647
6875
9232
2116
2351
3416
4307
4996
9160
9236
8363
723
1218
852
235
1614
5075
826
752
5049
9472
3109
7308
7218
6850
5160
6341
2578
3181
2156
2655
4868
5981
199
2823
1193
4289
9647
2513
9930
7517
7338
2997
768
1579
7608
5877
4673
2450
1475
6403
140
8938
4517
8400
2710
1422
8187
6568
277
7282
2489
4236
2414
4231
5838
5744
2218
9949
6009
1974
5087
8345
7100
9898
2268
3880
7312
8064
404
7218
3722
5483
1518
434
6076
9247
5100
5300
7311
2617
7548
9232
223
4174
1516
87
3991
1745
3825
1627
9967
2953
633
4244
1683
8850
9598
9344
1718
3570
3278
8618
9111
928
1338
2303
9251
256
7964
9789
9579
6001
1437
9917
6423
1931
9205
2338
939
179
612
3714
1448
466
5248
2453
6486
4165
1408
2988
9506
7317
5657
531
8659
4041
9415
8378
4129
5515
4462
3600
2583
2137
9425
8481
4616
653
403
4419
6272
8767
1452
7787
9005
7673
3806
389
4062
4059
7848
8083
7978
6208
2251
8709
4996
3425
2604
1818
3262
5560
106
7318
9996
3736
6032
2325
9722
1003
2380
2703
7360
9755
1185
4749
6421
5254
3529
7339
6434
1276
2272
1694
2440
9131
5661
4615
8533
509
2034
8504
8898
2911
1063
8935
497
1877
1745
5409
3590
93
297
5441
7651
6529
6154
6529
8872
337
1227
0
1706
9696
5070
9140
9587
5886
839
3282
219
7862
9265
876
1910
6536
318
1082
1614
4938
4094
9948
3299
3178
8898
5519
1135
2536
1440
3310
1230
962
7130
6939
6830
495
9835
9534
3044
1024
625
8221
7088
9812
129
9629
5633
7387
7047
9336
1420
2430
8269
9183
4553
1340
3582
465
5118
6824
860
6301
5296
5457
5519
6901
999
450
4430
244
6130
8315
1907
9281
9483
4591
1962
6484
3100
97
4474
2840
8530
1160
9271
1841
2752
5498
9335
3520
215
5736
2500
7733
9797
3062
1329
8805
9484
1935
5457
9661
9093
2438
3300
3717
2756
7728
8067
6952
1502
1280
6478
6451
4872
770
5300
1515
225
2396
9027
1492
4819
9522
7648
3632
390
2234
154
5140
3637
7391
8250
7201
6341
2826
1933
1730
3876
349
485
4802
2191
4001
6525
9664
5686
2035
8828
6213
6227
4155
651
1364
633
189
1866
8275
9657
643
8864
9642
9819
4859
6882
8842
4747
8125
1126
9856
4818
1952
5528
4825
1751
541
8733
1080
3989
259
8294
6038
2479
7645
1783
297
8209
3649
9449
4200
9880
7947
7756
6846
469
5209
9697
3278
2574
664
1015
4806
870
1023
8244
70
5391
2394
9575
7778
1644
9114
6411
6582
2091
6187
7887
90
3107
3110
3428
503
7499
4712
2246
9769
4107
2147
8239
2997
551
1987
2392
3468
633
8260
9649
2912
782
4738
5107
407
8292
5104
9092
9998
2337
2317
5082
1648
1432
4613
8340
7303
8648
6260
7334
7762
4262
4976
8323
4280
796
5623
8400
4603
8786
3349
2262
1217
2524
7499
4808
2559
4115
4798
9286
3926
8489
7788
3538
1587
903
2564
7457
209
857
1589
8675
3122
7773
3063
4502
1662
5127
1546
1768
8843
5017
4348
2877
8334
9377
7055
7744
9697
5380
5898
5916
9797
1673
798
4077
2858
1481
1436
18
5853
9654
7221
1511
16
328
1378
65
704
7824
8949
1416
9764
7863
4912
1484
9713
9798
6229
8097
4694
1660
637
3869
4532
