405
456
649
678
734
769
791
797
875
953
961
972
980
1022
1064
1076
1165
1178
1215
1346
1352
1388
1398
1468
1539
1558
1624
1630
1887
2258
2569
2783
2805
2879
2911
2959
3035
3151
3404
3442
3455
3510
3644
3760
3780
3846
3946
3956
3992
4300
4659
4902
4907
4938
5105
5118
5449
5623
5633
5649
5747
5781
6087
6111
6113
6255
6370
6392
6395
6437
6464
6502
6680
6823
6861
6932
7012
7149
7238
7308
7438
7594
7744
7911
7916
8026
8092
8471
8511
8753
8897
9007
9113
9118
9189
9258
9356
9638
9921
9930
