0
4
4
7
8
8
8
8
8
8
9
10
10
13
15
15
16
17
18
18
19
22
23
23
24
25
26
26
28
29
31
31
32
32
32
33
35
36
36
37
37
37
37
37
38
39
41
42
43
45
46
48
48
50
51
52
54
54
54
54
55
56
56
58
58
59
60
60
60
61
62
63
63
64
64
66
69
70
71
73
73
74
75
76
78
78
79
80
81
81
81
81
81
82
82
83
83
84
84
84
85
86
86
89
89
90
90
91
92
94
94
95
96
96
97
99
100
101
101
102
107
107
107
107
110
110
110
113
113
113
113
114
114
116
117
118
119
119
120
122
123
125
125
125
126
127
127
128
128
135
135
138
138
138
138
139
139
139
139
140
141
141
141
142
142
142
142
143
144
144
145
145
146
146
147
149
149
150
150
151
151
154
157
158
158
158
160
160
161
163
165
165
167
167
167
167
169
169
170
171
174
175
175
175
175
176
177
178
179
182
183
183
183
184
185
185
188
188
189
190
190
191
192
193
193
193
194
197
197
198
201
201
203
203
204
204
205
205
205
208
208
208
211
211
211
212
212
212
213
214
216
217
219
221
222
229
230
233
233
233
234
234
235
236
237
237
237
241
242
244
245
245
246
247
249
250
252
252
253
254
255
256
257
259
259
259
261
261
262
262
263
264
266
267
268
269
269
271
273
273
273
274
275
276
276
277
278
278
278
279
279
279
279
279
279
281
281
282
282
283
284
286
287
287
287
287
287
287
288
288
289
289
289
289
290
291
291
292
293
293
294
295
296
296
296
297
297
298
298
299
299
300
302
304
305
306
309
310
310
310
312
312
312
318
319
321
321
323
323
324
325
326
327
328
328
331
332
332
333
334
335
335
335
335
337
337
338
339
340
340
340
341
341
342
342
343
344
345
345
346
347
347
347
348
350
350
352
354
356
358
358
358
359
361
361
362
364
365
367
367
367
367
369
369
370
372
372
372
373
373
375
377
378
378
380
383
383
384
386
386
386
388
389
390
390
391
391
392
394
394
398
398
399
400
401
403
404
405
407
408
408
408
408
410
411
412
412
413
416
417
417
418
420
421
421
422
422
422
423
423
424
424
424
427
428
428
429
429
431
432
436
437
438
438
439
439
440
441
441
442
442
443
443
443
444
444
446
446
447
447
448
448
448
449
449
453
453
453
453
455
455
457
458
458
458
459
460
461
463
463
464
464
464
465
467
467
467
469
470
470
473
473
477
478
479
481
481
481
481
482
483
484
485
486
487
488
489
489
490
491
495
495
496
496
496
496
499
501
501
501
502
502
502
506
507
507
508
508
509
509
509
512
513
514
514
514
515
515
517
518
519
519
520
521
522
522
522
522
527
527
527
528
530
530
531
531
532
532
532
533
534
534
534
536
536
537
538
539
540
542
542
544
545
545
546
547
547
548
548
549
550
550
551
552
552
554
556
557
558
560
560
560
560
561
561
561
563
563
565
565
566
566
568
570
571
571
571
572
573
573
573
576
576
577
580
580
581
583
586
587
588
588
589
590
591
592
592
593
594
594
594
595
596
596
596
596
597
597
598
599
601
601
602
602
602
604
604
604
605
605
606
609
609
609
610
612
614
615
615
615
616
616
617
617
618
619
621
621
621
622
623
623
624
624
625
626
627
627
627
627
628
629
631
631
632
632
632
633
633
634
635
635
639
640
641
641
641
641
642
643
646
646
647
648
649
650
650
652
654
655
655
657
658
659
659
660
661
661
663
665
667
668
669
669
669
670
670
672
674
675
678
678
679
680
681
681
681
683
684
685
685
685
686
686
687
688
689
689
692
692
692
693
693
693
694
695
695
695
695
696
697
697
697
697
698
698
698
699
702
703
705
705
706
706
708
709
711
716
717
717
718
719
719
719
719
720
720
720
723
723
724
725
726
729
730
731
733
733
733
734
734
734
735
737
739
740
740
740
741
741
741
744
744
745
746
748
748
749
749
750
751
752
752
752
752
753
755
755
756
756
757
758
759
760
760
761
761
762
762
763
765
767
768
768
768
769
769
771
771
771
772
772
772
773
773
773
774
774
774
775
776
778
780
780
781
781
782
783
783
784
784
787
788
791
791
792
792
793
794
796
796
797
798
798
798
798
799
799
800
801
801
801
802
802
803
803
803
804
804
805
806
806
807
807
807
811
811
812
813
813
814
814
817
817
817
819
820
821
821
821
822
822
823
824
825
826
826
826
827
827
827
828
828
829
830
831
832
832
833
833
833
833
833
834
834
835
836
837
838
839
839
839
839
839
840
840
841
843
845
846
846
847
847
848
849
850
851
852
854
854
854
854
856
858
858
858
858
861
861
862
862
863
863
863
863
864
864
866
866
867
867
868
869
871
875
875
876
878
878
878
878
879
883
885
886
887
888
891
892
893
893
895
895
896
897
897
898
898
899
899
901
902
903
903
905
906
906
907
907
910
910
911
913
913
914
914
914
915
916
917
920
920
920
921
922
923
923
924
924
925
925
926
927
928
929
929
934
934
935
937
938
940
940
942
943
945
946
946
946
946
948
949
949
950
952
952
954
956
956
956
957
957
961
961
963
963
964
964
964
965
965
965
966
967
968
969
969
969
970
971
972
974
974
974
976
977
978
979
979
980
981
981
983
985
985
986
986
989
989
989
989
989
999
999
1000
1000
1000
1000
1003
1004
1005
1006
1007
1007
1008
1008
1009
1011
1012
1014
1014
1019
1020
1020
1021
1022
1026
1026
1027
1027
1027
1028
1030
1030
1031
1031
1032
1033
1033
1035
1035
1036
1036
1036
1037
1037
1037
1039
1039
1039
1040
1041
1041
1042
1043
1043
1047
1047
1048
1049
1049
1050
1050
1054
1056
1056
1056
1057
1057
1059
1060
1061
1062
1063
1064
1065
1065
1068
1070
1072
1072
1072
1073
1074
1075
1075
1075
1076
1077
1077
1077
1079
1080
1080
1082
1082
1082
1082
1084
1085
1086
1086
1086
1087
1088
1088
1090
1090
1091
1091
1092
1093
1094
1095
1095
1095
1096
1096
1097
1098
1099
1101
1104
1105
1106
1107
1108
1110
1110
1112
1112
1112
1114
1115
1115
1116
1116
1117
1117
1118
1119
1120
1121
1122
1122
1123
1124
1124
1124
1125
1125
1125
1126
1127
1127
1127
1129
1131
1132
1132
1133
1133
1135
1137
1138
1138
1139
1140
1142
1142
1143
1144
1145
1145
1147
1147
1148
1149
1149
1149
1152
1153
1153
1154
1155
1155
1156
1157
1159
1159
1160
1160
1162
1163
1166
1170
1170
1171
1171
1171
1173
1174
1175
1175
1176
1177
1179
1179
1183
1183
1185
1185
1186
1187
1188
1188
1188
1189
1189
1191
1192
1193
1193
1193
1194
1194
1194
1197
1197
1197
1198
1198
1198
1198
1198
1199
1201
1201
1201
1202
1202
1202
1203
1204
1204
1205
1207
1208
1208
1208
1208
1210
1210
1210
1211
1211
1212
1212
1213
1214
1216
1216
1218
1219
1221
1222
1222
1223
1225
1225
1226
1228
1229
1229
1230
1230
1231
1231
1232
1232
1232
1234
1235
1235
1235
1235
1235
1236
1237
1238
1240
1240
1242
1243
1243
1244
1244
1245
1246
1247
1248
1248
1250
1251
1252
1253
1254
1255
1257
1257
1257
1257
1258
1258
1259
1259
1259
1260
1261
1262
1263
1265
1266
1267
1268
1268
1270
1270
1271
1273
1275
1275
1275
1275
1277
1278
1278
1279
1280
1281
1283
1284
1285
1286
1287
1287
1288
1288
1288
1290
1291
1293
1295
1296
1296
1298
1301
1302
1303
1307
1308
1312
1313
1313
1314
1315
1317
1320
1321
1322
1322
1323
1324
1324
1324
1327
1327
1327
1328
1329
1330
1333
1335
1338
1339
1341
1341
1342
1343
1343
1343
1343
1344
1346
1348
1352
1352
1353
1353
1355
1357
1358
1358
1360
1361
1361
1364
1364
1365
1366
1367
1367
1367
1368
1369
1371
1372
1374
1376
1377
1378
1379
1380
1382
1382
1383
1383
1385
1385
1386
1386
1387
1387
1388
1389
1390
1391
1391
1392
1393
1393
1393
1398
1399
1399
1399
1400
1400
1401
1403
1403
1404
1407
1407
1407
1409
1409
1410
1411
1413
1413
1414
1415
1416
1416
1417
1417
1418
1419
1419
1422
1423
1423
1423
1424
1424
1425
1426
1426
1427
1427
1428
1429
1430
1430
1431
1431
1432
1432
1433
1434
1434
1434
1435
1435
1437
1437
1437
1438
1438
1439
1439
1439
1439
1440
1441
1442
1442
1442
1445
1450
1451
1452
1452
1454
1454
1458
1458
1458
1458
1459
1459
1461
1462
1463
1463
1464
1464
1465
1465
1466
1467
1467
1468
1468
1469
1469
1470
1473
1473
1473
1476
1477
1479
1480
1480
1480
1481
1482
1483
1483
1483
1483
1484
1486
1486
1486
1486
1486
1487
1487
1491
1492
1493
1493
1494
1494
1495
1497
1497
1497
1499
1499
1500
1500
1500
1501
1502
1502
1503
1503
1503
1504
1504
1505
1506
1506
1506
1507
1507
1511
1511
1511
1513
1515
1515
1517
1518
1518
1519
1520
1521
1521
1522
1522
1523
1524
1524
1525
1526
1526
1528
1530
1534
1535
1535
1538
1540
1540
1541
1541
1542
1543
1544
1545
1545
1545
1545
1547
1548
1549
1551
1552
1553
1553
1553
1554
1554
1554
1555
1555
1557
1558
1558
1560
1560
1560
1561
1562
1562
1562
1565
1566
1566
1566
1567
1568
1568
1569
1569
1570
1571
1573
1573
1573
1574
1575
1575
1576
1578
1580
1581
1581
1582
1583
1583
1585
1586
1588
1589
1589
1589
1590
1591
1592
1592
1592
1592
1593
1593
1595
1595
1598
1598
1600
1600
1600
1601
1604
1604
1605
1605
1606
1606
1608
1608
1610
1610
1610
1611
1611
1611
1612
1614
1616
1617
1617
1619
1619
1621
1622
1622
1622
1622
1623
1624
1625
1626
1626
1626
1627
1628
1629
1629
1630
1630
1630
1631
1634
1636
1636
1637
1637
1639
1641
1642
1642
1642
1644
1645
1646
1648
1648
1648
1650
1651
1652
1652
1652
1654
1656
1657
1659
1659
1660
1661
1662
1662
1664
1664
1664
1665
1668
1669
1670
1672
1674
1675
1676
1676
1677
1677
1680
1681
1683
1683
1683
1686
1687
1687
1689
1690
1691
1693
1693
1694
1695
1696
1696
1696
1698
1700
1701
1702
1702
1702
1702
1704
1705
1705
1705
1707
1709
1709
1710
1711
1712
1712
1712
1713
1714
1714
1716
1717
1717
1718
1719
1719
1719
1720
1721
1721
1723
1723
1723
1724
1724
1725
1727
1727
1727
1727
1730
1730
1731
1731
1733
1734
1734
1736
1736
1737
1738
1739
1739
1739
1740
1740
1742
1742
1743
1743
1743
1744
1745
1745
1750
1751
1752
1752
1752
1753
1754
1755
1755
1755
1755
1756
1756
1756
1757
1757
1757
1758
1758
1758
1759
1759
1760
1760
1761
1763
1764
1764
1765
1765
1767
1769
1770
1771
1772
1772
1773
1773
1774
1774
1775
1776
1776
1777
1778
1778
1778
1780
1780
1780
1780
1781
1782
1783
1784
1786
1787
1787
1787
1787
1789
1791
1792
1793
1795
1796
1798
1799
1799
1801
1802
1803
1803
1804
1804
1804
1804
1805
1805
1805
1806
1806
1808
1808
1808
1808
1809
1809
1809
1810
1811
1812
1812
1813
1817
1819
1821
1821
1823
1823
1823
1824
1824
1826
1827
1827
1828
1828
1828
1828
1828
1829
1829
1831
1831
1832
1832
1832
1836
1836
1838
1839
1839
1840
1841
1841
1842
1842
1843
1843
1843
1847
1847
1848
1848
1850
1851
1851
1851
1851
1854
1855
1856
1857
1858
1860
1861
1861
1862
1865
1865
1865
1865
1866
1867
1867
1868
1869
1870
1870
1871
1873
1874
1874
1875
1875
1876
1877
1878
1878
1879
1879
1881
1882
1883
1883
1886
1886
1886
1887
1887
1888
1888
1890
1893
1894
1894
1896
1901
1901
1901
1902
1902
1903
1903
1906
1907
1908
1908
1911
1911
1912
1912
1915
1915
1916
1918
1919
1920
1922
1922
1923
1923
1926
1926
1927
1928
1930
1931
1931
1932
1933
1934
1935
1935
1937
1937
1938
1938
1938
1939
1941
1942
1943
1943
1943
1944
1946
1946
1948
1949
1949
1950
1950
1951
1952
1952
1952
1952
1953
1953
1953
1955
1955
1958
1958
1958
1959
1960
1960
1960
1961
1961
1964
1965
1965
1965
1965
1965
1968
1968
1969
1970
1970
1971
1971
1971
1974
1977
1978
1980
1982
1983
1985
1985
1986
1986
1986
1986
1987
1987
1987
1988
1989
1989
1991
1992
1992
1992
1994
1994
1994
1997
1997
1997
1998
1999
2001
2003
2003
2003
2003
2004
2008
2008
2010
2010
2011
2012
2012
2012
2013
2014
2014
2014
2014
2015
2016
2018
2019
2019
2019
2021
2021
2023
2026
2026
2028
2028
2029
2031
2031
2031
2031
2032
2032
2032
2033
2033
2033
2034
2035
2035
2036
2037
2037
2037
2038
2041
2041
2042
2043
2043
2043
2044
2044
2046
2046
2046
2047
2047
2049
2049
2050
2052
2053
2054
2054
2056
2056
2056
2058
2058
2060
2060
2060
2060
2061
2061
2061
2061
2061
2061
2062
2062
2063
2063
2066
2066
2066
2067
2067
2068
2068
2069
2070
2070
2071
2072
2072
2072
2073
2074
2074
2075
2075
2077
2077
2077
2078
2080
2081
2083
2084
2084
2084
2085
2086
2087
2089
2089
2090
2091
2091
2092
2092
2092
2095
2095
2097
2097
2100
2101
2102
2102
2103
2105
2106
2107
2108
2108
2108
2108
2110
2110
2111
2111
2111
2112
2113
2113
2116
2116
2117
2117
2118
2119
2119
2121
2122
2125
2125
2126
2126
2126
2127
2127
2127
2128
2128
2128
2128
2130
2131
2132
2132
2133
2134
2134
2134
2135
2135
2136
2136
2138
2138
2139
2139
2140
2142
2143
2143
2144
2147
2148
2149
2149
2151
2153
2153
2154
2154
2155
2156
2158
2158
2159
2160
2161
2164
2165
2165
2166
2166
2167
2169
2170
2171
2171
2172
2173
2174
2174
2175
2176
2176
2177
2180
2182
2182
2183
2183
2184
2185
2185
2186
2187
2187
2187
2189
2190
2190
2190
2190
2190
2191
2193
2193
2194
2194
2195
2195
2197
2198
2199
2199
2200
2201
2202
2203
2204
2204
2204
2204
2205
2205
2206
2206
2207
2207
2207
2208
2208
2208
2209
2209
2210
2210
2210
2213
2215
2215
2216
2218
2219
2221
2221
2221
2222
2222
2222
2223
2223
2223
2223
2224
2225
2228
2228
2229
2229
2230
2230
2231
2232
2232
2232
2233
2233
2234
2234
2234
2234
2236
2237
2237
2238
2238
2238
2238
2239
2239
2239
2240
2240
2240
2241
2241
2241
2243
2243
2244
2246
2248
2249
2249
2250
2251
2251
2252
2252
2253
2254
2255
2258
2260
2260
2261
2261
2262
2263
2266
2266
2266
2268
2268
2269
2269
2270
2271
2271
2271
2271
2274
2274
2274
2275
2275
2276
2280
2280
2280
2281
2281
2283
2283
2285
2286
2286
2286
2290
2290
2290
2291
2292
2293
2293
2295
2295
2296
2297
2300
2301
2303
2303
2303
2304
2304
2307
2307
2308
2309
2309
2311
2311
2311
2313
2314
2315
2318
2319
2319
2319
2320
2321
2324
2325
2328
2329
2330
2330
2333
2334
2335
2336
2336
2336
2336
2337
2337
2337
2338
2338
2339
2339
2339
2340
2341
2341
2342
2342
2343
2343
2344
2344
2345
2347
2349
2349
2349
2351
2352
2352
2352
2353
2355
2356
2357
2357
2358
2359
2360
2362
2363
2364
2364
2364
2365
2366
2367
2368
2368
2368
2370
2371
2371
2373
2373
2374
2375
2376
2377
2377
2377
2380
2381
2383
2383
2384
2384
2384
2384
2384
2384
2390
2392
2393
2394
2395
2395
2396
2398
2399
2401
2401
2402
2404
2406
2406
2406
2406
2406
2407
2407
2407
2408
2408
2408
2409
2409
2410
2410
2410
2411
2411
2411
2411
2412
2413
2413
2414
2414
2414
2415
2415
2415
2416
2416
2416
2418
2419
2420
2420
2420
2421
2422
2423
2424
2425
2425
2425
2425
2427
2427
2428
2431
2431
2431
2432
2432
2432
2433
2434
2434
2435
2436
2436
2436
2437
2437
2438
2438
2439
2439
2439
2440
2440
2441
2441
2445
2446
2446
2447
2448
2449
2450
2452
2452
2453
2453
2454
2455
2455
2456
2458
2459
2459
2460
2461
2461
2463
2466
2467
2468
2469
2471
2472
2472
2473
2475
2477
2477
2479
2480
2480
2480
2481
2481
2482
2483
2483
2485
2486
2487
2487
2487
2487
2488
2490
2490
2491
2491
2492
2494
2494
2496
2498
2499
2499
2500
2500
2501
2501
2502
2503
2504
2504
2505
2507
2508
2511
2512
2512
2513
2515
2517
2517
2517
2521
2521
2522
2523
2523
2523
2524
2525
2526
2527
2527
2528
2529
2529
2530
2530
2530
2531
2531
2531
2532
2532
2533
2534
2534
2535
2535
2535
2536
2537
2539
2540
2540
2541
2542
2543
2543
2544
2544
2545
2545
2545
2546
2546
2546
2547
2548
2549
2550
2553
2554
2554
2554
2555
2556
2556
2557
2558
2558
2560
2560
2560
2562
2562
2562
2565
2565
2565
2565
2565
2566
2567
2567
2567
2567
2569
2569
2570
2570
2571
2571
2572
2573
2573
2574
2574
2574
2576
2577
2578
2580
2580
2580
2582
2582
2583
2583
2585
2585
2587
2587
2590
2592
2593
2594
2595
2596
2596
2597
2597
2598
2599
2600
2600
2602
2603
2603
2604
2604
2604
2605
2605
2608
2608
2612
2614
2614
2617
2617
2617
2617
2618
2619
2620
2621
2622
2622
2623
2624
2624
2625
2626
2629
2630
2630
2631
2631
2632
2632
2632
2632
2633
2633
2633
2635
2635
2636
2637
2637
2637
2638
2639
2639
2644
2645
2645
2646
2646
2646
2647
2647
2648
2648
2648
2649
2650
2652
2652
2652
2654
2655
2656
2656
2657
2659
2659
2660
2660
2661
2661
2662
2663
2664
2664
2666
2666
2667
2670
2670
2670
2671
2671
2671
2672
2673
2673
2674
2675
2675
2676
2676
2676
2678
2678
2679
2681
2681
2682
2683
2685
2685
2686
2687
2688
2688
2688
2688
2689
2690
2691
2692
2693
2694
2694
2695
2696
2696
2698
2702
2702
2702
2703
2703
2704
2705
2707
2707
2708
2709
2709
2710
2710
2711
2712
2712
2716
2716
2717
2718
2722
2722
2723
2724
2725
2726
2726
2727
2728
2729
2730
2731
2732
2732
2734
2734
2734
2735
2736
2739
2739
2740
2742
2742
2742
2743
2744
2744
2746
2747
2747
2749
2750
2751
2751
2751
2752
2752
2752
2753
2754
2754
2759
2760
2760
2760
2760
2760
2762
2762
2763
2763
2765
2766
2766
2768
2769
2770
2772
2772
2773
2774
2775
2775
2775
2776
2777
2777
2778
2778
2779
2780
2782
2782
2785
2786
2786
2786
2788
2790
2790
2791
2791
2792
2793
2793
2794
2795
2795
2796
2796
2798
2799
2799
2801
2803
2804
2806
2807
2809
2809
2810
2811
2813
2814
2814
2815
2816
2816
2817
2817
2819
2819
2821
2821
2822
2824
2825
2827
2831
2831
2832
2832
2832
2833
2833
2833
2834
2834
2836
2836
2838
2838
2842
2844
2845
2845
2845
2845
2845
2846
2847
2848
2848
2849
2851
2851
2852
2852
2853
2854
2854
2854
2855
2857
2859
2859
2860
2860
2861
2861
2862
2862
2862
2862
2862
2863
2864
2865
2867
2868
2868
2870
2871
2871
2872
2872
2874
2875
2876
2877
2877
2880
2882
2884
2884
2886
2886
2888
2890
2890
2892
2892
2894
2894
2896
2896
2896
2897
2898
2899
2899
2899
2902
2902
2903
2903
2906
2907
2907
2908
2910
2910
2910
2911
2913
2913
2913
2913
2914
2914
2916
2918
2920
2926
2926
2930
2930
2932
2933
2934
2936
2937
2938
2938
2939
2940
2941
2942
2946
2946
2947
2949
2952
2955
2956
2960
2961
2962
2963
2963
2964
2965
2966
2966
2969
2971
2973
2974
2974
2974
2977
2977
2979
2980
2980
2984
2984
2985
2986
2986
2986
2986
2990
2992
2992
2992
2992
2995
2995
2996
2999
3000
3001
3004
3005
3005
3006
3006
3006
3006
3007
3009
3012
3012
3015
3015
3016
3017
3021
3022
3025
3025
3027
3028
3030
3031
3040
3042
3044
3044
3045
3046
3047
3047
3047
3047
3048
3050
3050
3051
3052
3054
3054
3055
3057
3057
3058
3059
3062
3062
3064
3067
3068
3070
3071
3074
3074
3074
3075
3076
3076
3077
3078
3080
3081
3082
3084
3085
3085
3085
3085
3086
3086
3089
3089
3090
3091
3091
3093
3096
3096
3098
3100
3100
3102
3103
3103
3104
3105
3106
3110
3111
3112
3112
3112
3115
3116
3116
3117
3118
3118
3121
3121
3124
3124
3125
3125
3129
3131
3131
3132
3132
3133
3133
3134
3136
3136
3137
3139
3141
3142
3142
3143
3143
3147
3147
3148
3149
3150
3150
3150
3151
3151
3152
3153
3153
3155
3156
3157
3157
3158
3159
3162
3163
3164
3164
3164
3165
3168
3168
3170
3170
3171
3172
3173
3173
3175
3176
3176
3177
3177
3180
3181
3182
3184
3186
3186
3187
3187
3187
3189
3190
3192
3194
3195
3198
3203
3204
3204
3205
3205
3206
3207
3210
3213
3213
3213
3214
3215
3215
3216
3217
3218
3219
3220
3220
3222
3222
3222
3223
3224
3225
3225
3225
3227
3227
3228
3228
3229
3230
3230
3231
3231
3232
3232
3233
3233
3233
3234
3235
3236
3238
3239
3240
3240
3242
3243
3245
3245
3246
3246
3247
3248
3248
3251
3255
3256
3256
3256
3258
3258
3258
3259
3259
3262
3263
3263
3264
3264
3266
3267
3271
3274
3275
3280
3281
3282
3282
3282
3284
3286
3288
3288
3291
3291
3292
3293
3293
3294
3295
3295
3295
3296
3296
3296
3298
3299
3301
3301
3303
3305
3306
3306
3306
3307
3308
3310
3311
3312
3313
3313
3315
3315
3316
3317
3319
3319
3320
3321
3321
3323
3323
3323
3324
3332
3333
3335
3335
3337
3346
3346
3346
3348
3349
3351
3351
3351
3353
3354
3356
3356
3358
3359
3360
3360
3360
3361
3363
3363
3367
3369
3370
3371
3371
3373
3374
3376
3378
3379
3381
3382
3383
3384
3387
3387
3387
3389
3391
3392
3392
3392
3393
3393
3394
3394
3394
3395
3395
3395
3397
3397
3398
3400
3405
3407
3408
3408
3411
3411
3411
3411
3413
3413
3413
3414
3414
3419
3419
3420
3421
3422
3422
3423
3424
3425
3425
3426
3428
3429
3431
3431
3433
3435
3437
3437
3438
3439
3440
3441
3441
3442
3442
3442
3444
3445
3446
3446
3447
3447
3447
3447
3448
3449
3449
3451
3453
3454
3455
3455
3455
3455
3457
3458
3459
3460
3460
3461
3461
3461
3462
3464
3464
3464
3465
3467
3467
3469
3470
3471
3474
3475
3477
3477
3478
3478
3478
3479
3479
3480
3481
3481
3482
3482
3483
3484
3485
3485
3485
3487
3489
3490
3490
3490
3492
3492
3493
3494
3494
3495
3496
3497
3499
3500
3501
3502
3503
3503
3503
3504
3505
3506
3506
3508
3509
3509
3510
3511
3511
3512
3513
3515
3516
3518
3519
3522
3524
3524
3525
3525
3526
3527
3527
3529
3532
3533
3534
3534
3535
3535
3538
3541
3544
3546
3546
3546
3547
3547
3549
3551
3551
3552
3552
3552
3557
3558
3559
3560
3566
3568
3569
3572
3573
3573
3575
3576
3576
3578
3579
3582
3584
3584
3584
3585
3585
3586
3586
3587
3587
3588
3588
3590
3590
3590
3591
3592
3593
3595
3597
3598
3598
3599
3600
3601
3601
3602
3603
3605
3605
3605
3607
3608
3609
3609
3614
3615
3616
3616
3616
3616
3617
3619
3622
3623
3623
3623
3624
3626
3626
3630
3630
3632
3632
3633
3633
3633
3635
3635
3637
3637
3637
3639
3639
3640
3640
3642
3643
3645
3645
3646
3649
3651
3653
3656
3656
3656
3658
3659
3661
3662
3663
3664
3664
3666
3666
3667
3668
3668
3669
3669
3670
3671
3673
3673
3673
3674
3675
3675
3677
3680
3681
3681
3684
3685
3687
3689
3689
3690
3690
3690
3693
3693
3695
3695
3695
3696
3696
3696
3698
3699
3703
3703
3704
3706
3706
3706
3707
3709
3709
3714
3716
3716
3717
3717
3718
3718
3719
3720
3723
3725
3726
3726
3728
3729
3729
3730
3730
3730
3731
3731
3731
3731
3732
3733
3734
3734
3735
3735
3736
3736
3736
3737
3737
3739
3740
3740
3740
3740
3740
3742
3743
3744
3745
3748
3749
3749
3749
3749
3749
3751
3751
3752
3753
3754
3755
3755
3756
3757
3759
3761
3761
3762
3764
3765
3765
3772
3773
3774
3774
3775
3775
3777
3777
3777
3778
3781
3785
3785
3787
3787
3788
3788
3788
3789
3790
3790
3790
3792
3792
3793
3794
3794
3795
3797
3799
3799
3799
3800
3801
3801
3802
3804
3808
3808
3808
3809
3809
3809
3810
3811
3811
3812
3813
3814
3814
3814
3819
3822
3823
3824
3824
3825
3828
3828
3829
3830
3831
3831
3832
3833
3833
3834
3834
3835
3837
3839
3840
3842
3843
3845
3846
3847
3849
3851
3852
3852
3852
3854
3854
3856
3856
3856
3856
3857
3858
3859
3861
3862
3863
3863
3863
3863
3864
3871
3871
3871
3872
3876
3877
3878
3878
3879
3880
3880
3882
3882
3882
3882
3882
3884
3885
3886
3889
3889
3890
3890
3891
3891
3892
3894
3895
3896
3896
3898
3898
3898
3899
3899
3900
3900
3902
3904
3905
3906
3907
3908
3910
3912
3913
3914
3914
3915
3915
3916
3917
3918
3918
3919
3920
3923
3924
3924
3924
3925
3925
3925
3930
3930
3932
3933
3938
3938
3938
3940
3940
3943
3947
3947
3949
3949
3950
3952
3952
3953
3953
3954
3955
3959
3960
3960
3962
3962
3962
3963
3963
3965
3965
3967
3969
3970
3971
3971
3972
3973
3974
3974
3975
3976
3979
3986
3988
3989
3994
3994
3995
3997
3997
3999
3999
4001
4002
4002
4003
4004
4005
4007
4012
4013
4013
4013
4014
4015
4016
4018
4022
4023
4024
4025
4027
4027
4028
4028
4029
4030
4032
4034
4035
4036
4038
4039
4039
4042
4042
4044
4044
4046
4047
4050
4051
4052
4052
4054
4055
4055
4056
4058
4060
4061
4062
4062
4063
4064
4065
4066
4066
4066
4068
4069
4069
4069
4070
4073
4075
4076
4076
4078
4079
4079
4085
4086
4086
4088
4089
4091
4091
4094
4094
4095
4095
4095
4096
4097
4097
4099
4101
4102
4105
4106
4107
4108
4109
4110
4111
4115
4116
4118
4121
4122
4123
4124
4125
4128
4128
4128
4129
4129
4130
4130
4131
4136
4138
4138
4139
4140
4141
4141
4142
4144
4145
4148
4148
4150
4151
4152
4152
4153
4154
4154
4155
4155
4156
4158
4159
4161
4161
4162
4162
4162
4164
4164
4168
4169
4169
4171
4171
4172
4172
4172
4175
4176
4176
4180
4181
4182
4183
4183
4184
4184
4186
4186
4188
4189
4190
4191
4192
4194
4194
4195
4195
4195
4196
4198
4199
4199
4200
4201
4202
4204
4204
4205
4206
4207
4207
4207
4208
4210
4211
4212
4212
4214
4214
4215
4216
4220
4222
4224
4224
4226
4229
4229
4230
4230
4235
4235
4237
4238
4238
4238
4238
4238
4240
4240
4240
4243
4243
4243
4244
4245
4247
4247
4248
4248
4250
4251
4251
4251
4253
4254
4254
4254
4255
4257
4258
4259
4259
4259
4259
4260
4262
4262
4264
4266
4266
4269
4270
4272
4274
4275
4275
4277
4277
4278
4281
4282
4282
4284
4284
4286
4287
4287
4290
4290
4290
4290
4291
4292
4293
4294
4295
4296
4297
4300
4301
4302
4304
4306
4306
4306
4307
4309
4309
4310
4310
4310
4310
4313
4314
4316
4317
4318
4320
4321
4321
4322
4322
4323
4323
4324
4327
4329
4330
4330
4331
4331
4332
4333
4334
4336
4336
4340
4341
4343
4345
4346
4347
4348
4349
4350
4352
4353
4354
4354
4354
4354
4356
4357
4359
4360
4361
4362
4363
4363
4364
4365
4366
4367
4367
4367
4372
4373
4374
4376
4376
4377
4377
4377
4380
4380
4380
4381
4381
4382
4383
4386
4388
4389
4391
4392
4393
4393
4394
4397
4399
4402
4404
4404
4405
4406
4408
4408
4409
4409
4411
4411
4411
4412
4413
4414
4414
4416
4417
4417
4419
4423
4426
4427
4427
4428
4429
4429
4429
4429
4431
4431
4437
4437
4442
4442
4442
4442
4444
4445
4446
4446
4447
4448
4448
4448
4448
4450
4451
4453
4455
4455
4457
4458
4459
4459
4462
4464
4464
4464
4465
4466
4466
4468
4468
4473
4474
4475
4475
4476
4477
4478
4478
4479
4479
4483
4483
4483
4484
4485
4486
4487
4487
4488
4488
4490
4490
4491
4493
4493
4494
4495
4495
4496
4496
4496
4498
4499
4499
4501
4502
4507
4508
4509
4509
4509
4510
4513
4514
4515
4516
4516
4517
4517
4519
4519
4520
4521
4521
4524
4526
4526
4526
4527
4527
4528
4528
4531
4531
4536
4540
4540
4541
4541
4543
4543
4544
4545
4546
4546
4546
4547
4548
4551
4552
4554
4554
4554
4555
4555
4556
4557
4558
4559
4560
4560
4561
4565
4567
4568
4569
4569
4569
4570
4571
4572
4573
4574
4576
4576
4578
4580
4582
4584
4584
4587
4587
4587
4588
4588
4588
4589
4589
4589
4589
4592
4592
4595
4596
4597
4598
4600
4600
4602
4604
4605
4606
4606
4607
4607
4609
4610
4610
4611
4613
4619
4620
4621
4621
4624
4625
4625
4626
4631
4631
4631
4633
4633
4633
4634
4634
4635
4635
4635
4636
4636
4639
4640
4644
4645
4647
4648
4651
4651
4654
4657
4657
4658
4660
4661
4661
4661
4662
4662
4664
4666
4666
4667
4671
4672
4672
4673
4675
4676
4676
4678
4679
4681
4681
4682
4682
4682
4682
4683
4684
4684
4685
4687
4687
4688
4688
4689
4691
4692
4692
4695
4695
4696
4697
4698
4699
4701
4703
4706
4708
4709
4714
4714
4714
4714
4717
4718
4718
4718
4718
4725
4726
4727
4728
4729
4731
4731
4732
4732
4733
4735
4736
4737
4737
4738
4739
4740
4740
4742
4742
4743
4743
4745
4748
4749
4749
4749
4749
4751
4751
4752
4753
4757
4758
4760
4760
4760
4762
4762
4762
4763
4765
4766
4768
4769
4769
4771
4772
4772
4772
4774
4774
4775
4775
4776
4777
4780
4781
4781
4782
4783
4783
4784
4786
4788
4790
4790
4792
4792
4793
4794
4795
4795
4797
4797
4798
4800
4800
4801
4802
4803
4803
4804
4805
4805
4807
4808
4811
4811
4813
4813
4814
4816
4817
4817
4817
4822
4822
4822
4823
4823
4824
4826
4826
4826
4826
4827
4828
4828
4828
4828
4829
4830
4830
4830
4832
4833
4833
4833
4833
4835
4836
4836
4838
4838
4839
4842
4844
4844
4845
4847
4847
4848
4849
4849
4850
4851
4851
4856
4858
4858
4859
4860
4861
4862
4864
4864
4865
4865
4865
4866
4866
4868
4870
4872
4872
4874
4875
4878
4879
4880
4880
4882
4885
4886
4886
4888
4888
4889
4890
4892
4892
4892
4895
4896
4897
4899
4899
4900
4901
4901
4901
4901
4902
4905
4905
4907
4908
4909
4910
4910
4911
4911
4911
4912
4912
4912
4913
4914
4915
4915
4916
4917
4917
4917
4918
4920
4920
4921
4922
4923
4923
4924
4925
4925
4926
4927
4931
4933
4933
4935
4935
4938
4939
4939
4939
4940
4943
4944
4945
4946
4948
4949
4951
4954
4954
4955
4956
4956
4956
4957
4960
4960
4961
4961
4962
4963
4963
4964
4966
4966
4966
4968
4969
4969
4969
4970
4970
4972
4972
4973
4973
4976
4977
4977
4980
4981
4983
4984
4987
4987
4988
4990
4990
4991
4992
4992
4992
4993
4993
4993
4995
4997
4997
4999
4999
5000
5002
5003
5003
5007
5008
5008
5010
5010
5010
5012
5012
5012
5013
5015
5015
5017
5017
5018
5019
5019
5020
5022
5022
5024
5024
5025
5025
5026
5031
5032
5033
5035
5037
5037
5037
5038
5039
5040
5040
5040
5042
5043
5045
5046
5046
5046
5048
5050
5050
5051
5051
5053
5053
5055
5055
5056
5056
5057
5057
5059
5060
5063
5063
5065
5066
5067
5067
5068
5068
5070
5072
5073
5074
5075
5077
5078
5078
5078
5079
5079
5079
5082
5087
5087
5088
5089
5093
5095
5095
5096
5097
5097
5098
5103
5103
5105
5106
5106
5109
5110
5111
5111
5115
5115
5116
5117
5117
5118
5121
5123
5124
5124
5124
5125
5126
5129
5131
5134
5135
5135
5135
5135
5136
5138
5139
5140
5140
5143
5146
5147
5147
5147
5148
5149
5149
5150
5150
5151
5151
5152
5153
5153
5154
5154
5155
5157
5158
5158
5159
5161
5163
5163
5163
5165
5167
5167
5168
5169
5169
5170
5170
5171
5171
5172
5172
5173
5174
5174
5177
5178
5181
5182
5184
5185
5187
5189
5190
5191
5194
5196
5196
5200
5200
5201
5201
5205
5206
5207
5208
5208
5210
5210
5210
5210
5211
5213
5216
5216
5217
5222
5224
5224
5227
5228
5229
5230
5230
5233
5235
5237
5238
5239
5240
5240
5241
5241
5241
5244
5245
5245
5246
5246
5247
5253
5253
5253
5255
5255
5255
5255
5257
5257
5259
5260
5260
5262
5263
5263
5267
5268
5268
5270
5273
5274
5276
5277
5278
5281
5282
5285
5287
5288
5288
5289
5290
5291
5291
5293
5294
5294
5296
5296
5298
5299
5299
5300
5300
5301
5304
5308
5311
5311
5312
5313
5315
5320
5324
5326
5326
5326
5328
5328
5334
5335
5335
5336
5336
5337
5338
5342
5350
5351
5352
5353
5353
5353
5354
5355
5356
5357
5358
5360
5360
5361
5361
5362
5363
5364
5364
5366
5367
5368
5368
5369
5370
5370
5371
5371
5372
5372
5372
5373
5373
5374
5377
5379
5379
5381
5381
5381
5382
5382
5383
5386
5386
5390
5393
5394
5396
5397
5397
5398
5398
5399
5399
5401
5403
5406
5406
5406
5407
5407
5408
5408
5412
5413
5413
5414
5416
5416
5419
5420
5423
5423
5424
5425
5426
5427
5428
5429
5429
5430
5430
5431
5431
5432
5432
5432
5435
5435
5436
5436
5437
5437
5438
5439
5441
5441
5441
5442
5443
5444
5444
5445
5447
5448
5448
5449
5450
5451
5453
5453
5454
5454
5454
5456
5458
5458
5458
5459
5460
5460
5465
5467
5469
5470
5473
5476
5478
5479
5479
5482
5484
5485
5485
5487
5487
5489
5492
5495
5500
5500
5501
5502
5502
5503
5504
5504
5505
5505
5505
5507
5509
5509
5509
5511
5511
5512
5512
5514
5515
5516
5517
5519
5520
5521
5521
5522
5523
5523
5526
5528
5530
5531
5532
5533
5533
5533
5534
5538
5540
5540
5543
5543
5545
5546
5547
5548
5549
5550
5550
5551
5552
5552
5553
5554
5555
5555
5556
5557
5558
5558
5558
5559
5560
5562
5562
5563
5564
5564
5564
5564
5565
5566
5566
5566
5569
5570
5571
5571
5572
5572
5576
5578
5580
5580
5581
5582
5583
5583
5583
5584
5584
5585
5588
5588
5589
5590
5592
5593
5593
5593
5595
5595
5596
5600
5600
5600
5603
5604
5604
5604
5605
5605
5608
5609
5609
5613
5613
5613
5614
5614
5615
5616
5618
5619
5619
5621
5622
5627
5628
5630
5631
5632
5632
5633
5636
5636
5637
5637
5640
5644
5645
5645
5645
5645
5646
5647
5649
5650
5651
5652
5655
5655
5655
5656
5657
5660
5661
5661
5666
5667
5667
5672
5676
5677
5677
5679
5680
5680
5680
5680
5681
5684
5684
5685
5686
5686
5688
5689
5689
5691
5692
5693
5693
5694
5694
5694
5695
5695
5696
5697
5698
5701
5703
5703
5704
5706
5706
5707
5710
5711
5711
5711
5713
5715
5715
5718
5718
5719
5720
5720
5722
5722
5724
5726
5726
5727
5727
5729
5729
5730
5730
5731
5732
5732
5735
5735
5735
5736
5736
5737
5738
5740
5740
5742
5747
5748
5748
5749
5749
5750
5750
5750
5752
5754
5756
5757
5757
5758
5761
5761
5766
5766
5768
5770
5772
5774
5776
5777
5779
5780
5780
5781
5784
5784
5784
5785
5787
5788
5788
5789
5790
5792
5793
5793
5793
5794
5794
5795
5795
5796
5796
5797
5798
5798
5799
5800
5802
5802
5804
5807
5807
5808
5810
5810
5810
5811
5811
5813
5813
5814
5815
5816
5817
5818
5819
5819
5824
5824
5825
5825
5826
5829
5829
5830
5830
5833
5834
5834
5834
5836
5836
5837
5838
5838
5840
5841
5842
5842
5844
5846
5846
5847
5847
5848
5848
5849
5850
5851
5851
5852
5853
5854
5858
5859
5859
5864
5867
5869
5870
5871
5872
5872
5872
5873
5873
5873
5874
5874
5874
5874
5876
5878
5878
5880
5881
5882
5882
5883
5884
5884
5884
5884
5887
5889
5891
5891
5891
5891
5891
5894
5895
5896
5898
5901
5902
5903
5903
5903
5904
5904
5905
5906
5907
5908
5908
5910
5914
5916
5916
5917
5917
5918
5918
5919
5920
5920
5920
5921
5921
5921
5922
5923
5923
5923
5923
5925
5925
5926
5926
5926
5928
5929
5930
5931
5931
5932
5933
5934
5935
5935
5936
5939
5939
5939
5940
5940
5940
5941
5943
5943
5943
5944
5945
5946
5946
5947
5949
5949
5950
5953
5953
5953
5954
5955
5956
5957
5959
5960
5960
5961
5961
5961
5962
5962
5962
5963
5965
5966
5967
5967
5968
5968
5970
5970
5971
5972
5973
5973
5974
5974
5974
5975
5978
5978
5982
5984
5986
5987
5987
5987
5989
5990
5990
5990
5990
5992
5992
5993
5993
5994
5994
5995
5996
5996
5998
5999
6000
6001
6002
6004
6006
6006
6008
6009
6011
6011
6012
6016
6018
6018
6021
6023
6023
6024
6025
6026
6026
6029
6031
6032
6033
6035
6035
6037
6038
6040
6041
6041
6043
6043
6043
6045
6045
6046
6049
6050
6050
6052
6052
6053
6054
6054
6056
6056
6057
6058
6060
6061
6062
6063
6063
6063
6064
6067
6067
6067
6069
6071
6072
6073
6076
6076
6076
6078
6078
6080
6081
6083
6083
6084
6085
6085
6088
6089
6090
6090
6090
6092
6093
6094
6095
6101
6102
6102
6103
6105
6108
6109
6109
6110
6110
6110
6113
6113
6115
6117
6118
6119
6119
6120
6122
6123
6124
6125
6127
6128
6129
6129
6130
6131
6134
6134
6136
6137
6137
6138
6138
6138
6139
6140
6141
6142
6143
6153
6154
6154
6157
6159
6159
6159
6160
6160
6161
6161
6164
6165
6168
6172
6173
6173
6175
6180
6180
6180
6183
6185
6186
6186
6187
6188
6188
6189
6189
6191
6193
6193
6196
6198
6199
6199
6200
6205
6207
6207
6208
6210
6210
6214
6214
6215
6217
6218
6219
6220
6224
6225
6226
6227
6228
6228
6231
6231
6232
6234
6234
6235
6236
6236
6237
6238
6239
6240
6240
6242
6242
6243
6243
6245
6246
6247
6247
6247
6248
6248
6248
6248
6249
6249
6250
6250
6253
6258
6259
6259
6259
6261
6263
6263
6264
6264
6264
6265
6265
6265
6265
6266
6266
6267
6268
6268
6272
6272
6273
6273
6277
6278
6278
6279
6281
6282
6282
6284
6285
6285
6290
6291
6292
6292
6292
6294
6295
6295
6296
6296
6299
6301
6301
6301
6302
6302
6305
6305
6306
6308
6308
6311
6312
6314
6315
6315
6315
6316
6320
6320
6321
6321
6322
6325
6327
6327
6328
6328
6331
6336
6337
6337
6338
6340
6341
6344
6345
6346
6347
6348
6349
6349
6352
6353
6355
6356
6357
6357
6357
6357
6361
6362
6364
6365
6367
6368
6369
6373
6373
6374
6376
6377
6378
6378
6378
6380
6381
6381
6383
6383
6384
6386
6392
6392
6394
6395
6396
6397
6397
6400
6402
6403
6406
6406
6409
6413
6413
6414
6414
6415
6415
6418
6419
6420
6420
6421
6422
6423
6424
6425
6439
6440
6441
6442
6442
6443
6446
6446
6451
6452
6453
6454
6455
6455
6461
6461
6462
6465
6468
6471
6472
6472
6472
6473
6476
6476
6477
6477
6480
6481
6481
6481
6481
6482
6482
6483
6483
6483
6485
6487
6488
6488
6488
6488
6488
6491
6491
6492
6495
6497
6498
6500
6500
6501
6502
6504
6506
6507
6509
6510
6511
6512
6513
6517
6518
6519
6520
6521
6522
6522
6522
6523
6524
6525
6527
6528
6528
6528
6528
6528
6529
6529
6529
6530
6530
6531
6531
6532
6532
6533
6536
6537
6544
6545
6545
6546
6546
6547
6550
6553
6553
6554
6554
6555
6556
6557
6557
6557
6558
6558
6559
6559
6559
6559
6560
6561
6562
6564
6565
6566
6567
6568
6569
6569
6571
6571
6571
6572
6574
6574
6575
6576
6576
6578
6578
6578
6579
6580
6581
6583
6584
6585
6585
6586
6587
6587
6587
6587
6588
6589
6589
6590
6593
6593
6593
6593
6594
6595
6595
6596
6596
6597
6598
6599
6599
6601
6602
6603
6605
6605
6606
6609
6614
6614
6617
6617
6617
6619
6619
6619
6619
6623
6624
6625
6625
6626
6627
6628
6629
6630
6631
6633
6633
6634
6634
6635
6635
6635
6636
6636
6637
6640
6640
6641
6641
6641
6642
6643
6644
6644
6645
6645
6647
6648
6649
6650
6651
6651
6652
6653
6654
6654
6656
6659
6663
6664
6664
6665
6665
6666
6667
6669
6670
6671
6671
6673
6674
6674
6674
6677
6677
6678
6679
6680
6680
6680
6681
6682
6682
6685
6685
6690
6690
6691
6692
6692
6692
6693
6694
6694
6696
6696
6697
6697
6697
6699
6701
6703
6705
6706
6709
6711
6712
6714
6714
6716
6718
6718
6719
6720
6720
6724
6724
6725
6725
6725
6726
6728
6728
6731
6732
6733
6733
6735
6738
6738
6739
6741
6742
6742
6744
6744
6745
6746
6746
6748
6749
6750
6750
6750
6751
6753
6755
6756
6761
6761
6763
6763
6764
6765
6766
6768
6773
6773
6774
6775
6777
6779
6781
6782
6783
6783
6783
6785
6785
6785
6786
6786
6787
6787
6788
6789
6789
6793
6794
6799
6799
6800
6803
6806
6806
6807
6810
6811
6813
6815
6816
6818
6818
6819
6820
6822
6823
6824
6825
6826
6830
6831
6831
6833
6834
6837
6837
6840
6840
6840
6841
6842
6843
6844
6846
6848
6849
6849
6850
6850
6851
6852
6854
6856
6857
6857
6858
6859
6860
6861
6862
6863
6863
6865
6866
6867
6867
6869
6870
6871
6871
6872
6873
6875
6877
6879
6879
6880
6881
6881
6881
6883
6883
6886
6886
6887
6887
6888
6888
6888
6889
6889
6894
6894
6894
6895
6897
6898
6900
6901
6901
6903
6904
6905
6906
6906
6906
6907
6907
6907
6908
6908
6909
6909
6910
6910
6912
6914
6915
6916
6918
6919
6920
6920
6921
6922
6922
6923
6923
6925
6927
6930
6930
6930
6930
6931
6931
6932
6936
6937
6938
6938
6941
6942
6943
6943
6944
6944
6945
6947
6947
6948
6949
6950
6950
6950
6951
6953
6954
6954
6955
6955
6955
6956
6957
6960
6960
6961
6962
6966
6966
6966
6971
6972
6973
6974
6975
6977
6978
6979
6981
6982
6983
6987
6989
6990
6990
6992
6992
6993
6996
6998
6998
7002
7002
7006
7008
7008
7009
7009
7010
7010
7010
7011
7017
7019
7019
7019
7019
7022
7022
7023
7023
7023
7024
7024
7028
7030
7031
7032
7033
7033
7034
7034
7034
7037
7040
7045
7046
7048
7049
7049
7052
7053
7054
7055
7056
7057
7058
7059
7059
7060
7060
7061
7063
7064
7065
7066
7067
7068
7070
7072
7073
7073
7074
7074
7074
7074
7074
7075
7077
7078
7078
7079
7081
7084
7085
7088
7092
7092
7092
7093
7094
7096
7096
7097
7098
7099
7099
7100
7101
7101
7103
7104
7105
7106
7107
7108
7109
7110
7110
7111
7111
7111
7112
7115
7115
7116
7117
7117
7119
7122
7126
7126
7126
7128
7130
7132
7134
7136
7137
7137
7139
7140
7140
7141
7142
7142
7142
7143
7145
7145
7146
7146
7146
7147
7148
7149
7154
7155
7158
7161
7161
7162
7165
7166
7167
7167
7167
7167
7168
7169
7170
7171
7171
7176
7176
7179
7181
7182
7182
7182
7184
7185
7188
7188
7189
7189
7190
7190
7191
7191
7191
7192
7194
7196
7196
7196
7196
7198
7200
7203
7203
7205
7205
7206
7206
7207
7207
7209
7209
7209
7209
7212
7212
7213
7213
7213
7214
7214
7218
7218
7219
7219
7219
7220
7220
7222
7223
7223
7225
7227
7228
7229
7231
7231
7232
7232
7234
7235
7238
7239
7240
7242
7243
7244
7244
7244
7245
7252
7253
7253
7255
7255
7256
7256
7257
7258
7258
7258
7259
7259
7260
7260
7261
7263
7263
7265
7266
7266
7267
7269
7272
7272
7274
7275
7275
7276
7276
7279
7280
7280
7281
7281
7283
7283
7285
7285
7285
7285
7286
7288
7290
7290
7292
7293
7294
7294
7296
7297
7297
7297
7298
7299
7299
7299
7301
7301
7302
7303
7304
7305
7307
7310
7311
7311
7312
7312
7313
7313
7313
7316
7317
7317
7318
7319
7319
7320
7322
7322
7322
7323
7325
7328
7328
7330
7331
7331
7333
7334
7334
7336
7339
7340
7340
7341
7341
7342
7344
7344
7345
7345
7348
7348
7349
7349
7349
7349
7350
7350
7351
7351
7352
7352
7355
7357
7358
7361
7362
7362
7362
7363
7369
7369
7372
7372
7372
7373
7373
7374
7374
7376
7376
7380
7381
7381
7382
7382
7384
7384
7384
7385
7386
7386
7391
7391
7392
7394
7395
7397
7397
7397
7398
7400
7400
7400
7401
7401
7402
7402
7403
7403
7404
7405
7407
7410
7411
7411
7411
7412
7417
7418
7418
7419
7421
7421
7423
7427
7427
7427
7428
7429
7429
7431
7432
7432
7432
7435
7436
7436
7437
7439
7441
7443
7444
7444
7447
7449
7450
7450
7452
7452
7455
7455
7457
7458
7458
7458
7459
7459
7460
7465
7465
7468
7469
7470
7471
7473
7476
7478
7478
7478
7480
7481
7483
7485
7487
7488
7488
7492
7492
7495
7499
7502
7503
7503
7504
7505
7505
7507
7508
7508
7509
7512
7512
7514
7514
7514
7515
7517
7518
7518
7518
7524
7528
7532
7533
7533
7534
7534
7535
7535
7535
7535
7536
7536
7537
7537
7538
7539
7541
7541
7544
7548
7549
7550
7551
7555
7556
7557
7560
7560
7562
7563
7564
7566
7566
7566
7567
7570
7571
7571
7572
7573
7573
7577
7577
7578
7578
7578
7578
7580
7582
7583
7583
7586
7586
7587
7587
7588
7590
7590
7591
7594
7594
7595
7598
7598
7600
7602
7604
7604
7604
7605
7607
7609
7612
7612
7613
7613
7613
7613
7614
7615
7615
7616
7619
7620
7621
7621
7623
7623
7623
7626
7627
7631
7632
7632
7634
7636
7636
7638
7640
7641
7642
7642
7648
7649
7651
7653
7654
7655
7656
7657
7659
7659
7660
7660
7661
7661
7663
7663
7664
7664
7665
7666
7666
7667
7667
7667
7668
7672
7673
7676
7676
7677
7677
7679
7679
7679
7680
7680
7683
7683
7684
7685
7686
7688
7691
7692
7692
7696
7696
7696
7698
7699
7700
7701
7703
7704
7705
7708
7708
7711
7711
7713
7714
7714
7714
7714
7716
7716
7718
7719
7721
7722
7727
7728
7731
7732
7732
7733
7734
7735
7736
7737
7739
7740
7741
7742
7742
7743
7745
7746
7747
7748
7750
7751
7752
7757
7757
7757
7759
7759
7761
7763
7763
7763
7763
7765
7766
7766
7767
7767
7772
7774
7775
7776
7777
7778
7779
7779
7779
7780
7780
7781
7781
7783
7783
7783
7784
7784
7785
7785
7787
7790
7792
7794
7795
7795
7796
7797
7801
7801
7802
7804
7805
7806
7808
7809
7812
7814
7814
7817
7817
7819
7819
7820
7820
7821
7822
7824
7825
7828
7828
7828
7830
7831
7832
7834
7837
7837
7838
7838
7839
7843
7843
7844
7845
7845
7846
7846
7848
7849
7849
7849
7850
7851
7851
7852
7852
7852
7853
7854
7855
7858
7858
7859
7859
7859
7860
7861
7865
7866
7866
7866
7867
7868
7870
7871
7872
7873
7874
7875
7877
7877
7878
7879
7879
7880
7881
7882
7883
7883
7883
7884
7885
7885
7886
7886
7890
7892
7892
7895
7895
7898
7899
7900
7901
7901
7902
7902
7903
7905
7905
7906
7906
7907
7908
7909
7909
7909
7910
7911
7911
7912
7913
7914
7918
7919
7920
7922
7922
7923
7923
7924
7925
7926
7926
7928
7928
7930
7930
7933
7934
7937
7937
7938
7938
7941
7941
7941
7944
7946
7946
7948
7948
7949
7952
7953
7955
7958
7958
7959
7961
7961
7961
7962
7964
7965
7967
7967
7969
7970
7972
7972
7972
7973
7976
7977
7980
7980
7982
7983
7984
7985
7985
7986
7988
7990
7990
7991
7992
7993
7993
7994
7995
7996
7996
7997
7998
7998
7998
8003
8004
8004
8005
8006
8007
8008
8009
8012
8013
8016
8018
8019
8020
8023
8024
8024
8024
8025
8025
8025
8026
8028
8029
8029
8030
8031
8032
8032
8034
8034
8035
8036
8039
8040
8040
8042
8042
8042
8043
8043
8044
8044
8046
8047
8048
8052
8054
8054
8054
8055
8055
8057
8057
8057
8058
8059
8059
8060
8061
8061
8065
8065
8066
8068
8070
8070
8071
8072
8075
8076
8077
8078
8079
8080
8080
8081
8082
8083
8084
8085
8085
8085
8086
8086
8086
8087
8089
8089
8092
8092
8093
8093
8094
8096
8097
8098
8099
8099
8100
8100
8101
8101
8102
8102
8104
8105
8105
8108
8110
8110
8113
8114
8116
8117
8119
8120
8123
8123
8127
8127
8129
8129
8130
8131
8131
8132
8132
8134
8134
8136
8137
8144
8146
8147
8148
8148
8150
8152
8153
8154
8158
8159
8160
8161
8161
8162
8163
8166
8168
8168
8170
8173
8175
8178
8178
8178
8179
8179
8182
8183
8185
8185
8186
8186
8187
8189
8190
8192
8192
8192
8192
8195
8196
8197
8199
8199
8200
8202
8205
8205
8208
8209
8209
8209
8209
8212
8212
8212
8215
8215
8217
8217
8217
8217
8217
8218
8222
8223
8224
8225
8227
8232
8234
8234
8236
8238
8239
8241
8243
8245
8245
8245
8246
8247
8248
8249
8250
8250
8252
8254
8254
8254
8256
8256
8258
8258
8258
8261
8263
8265
8266
8266
8267
8268
8269
8270
8270
8271
8273
8273
8273
8274
8274
8276
8277
8282
8282
8284
8284
8286
8287
8287
8288
8288
8291
8292
8295
8297
8298
8301
8301
8303
8304
8304
8304
8305
8305
8306
8306
8307
8307
8309
8311
8311
8311
8317
8317
8318
8318
8319
8320
8320
8322
8322
8325
8326
8327
8328
8328
8330
8330
8331
8332
8333
8334
8334
8335
8337
8338
8340
8340
8344
8344
8344
8345
8346
8346
8346
8347
8348
8348
8350
8351
8351
8353
8354
8355
8356
8359
8359
8361
8361
8362
8363
8365
8366
8366
8366
8367
8368
8369
8372
8374
8376
8376
8378
8380
8380
8381
8381
8382
8382
8386
8390
8391
8392
8395
8395
8396
8397
8398
8398
8398
8400
8403
8403
8404
8404
8406
8406
8409
8411
8411
8413
8413
8416
8416
8418
8420
8421
8421
8422
8422
8428
8430
8432
8432
8433
8434
8434
8435
8435
8437
8438
8438
8438
8440
8441
8441
8443
8444
8444
8445
8447
8449
8449
8449
8450
8452
8452
8452
8453
8454
8454
8456
8459
8460
8460
8461
8463
8464
8468
8472
8476
8477
8478
8478
8480
8480
8481
8481
8482
8483
8483
8483
8484
8486
8489
8491
8491
8492
8492
8494
8495
8495
8497
8497
8500
8501
8502
8503
8504
8504
8506
8507
8507
8507
8509
8509
8509
8510
8511
8511
8513
8513
8513
8513
8514
8514
8514
8515
8518
8518
8518
8519
8519
8521
8521
8522
8524
8525
8528
8528
8531
8531
8534
8535
8536
8536
8538
8538
8539
8540
8541
8541
8542
8543
8544
8546
8547
8549
8550
8551
8552
8554
8557
8559
8560
8560
8561
8561
8563
8564
8565
8567
8573
8573
8576
8578
8580
8580
8580
8581
8583
8584
8585
8586
8587
8589
8590
8590
8592
8593
8594
8595
8596
8598
8601
8601
8608
8608
8608
8609
8609
8612
8613
8614
8621
8621
8622
8624
8624
8625
8625
8626
8627
8627
8628
8629
8631
8632
8632
8632
8634
8634
8634
8637
8640
8643
8643
8643
8644
8649
8649
8654
8656
8659
8659
8659
8660
8660
8664
8665
8667
8668
8670
8671
8671
8675
8677
8677
8677
8680
8681
8682
8682
8683
8685
8685
8687
8687
8694
8694
8694
8694
8696
8696
8697
8697
8698
8700
8700
8703
8703
8705
8705
8708
8708
8708
8709
8709
8710
8711
8711
8713
8713
8714
8716
8716
8718
8719
8720
8720
8720
8724
8726
8726
8727
8729
8729
8730
8730
8734
8735
8736
8737
8737
8738
8738
8738
8740
8740
8742
8742
8742
8742
8743
8744
8745
8746
8747
8747
8748
8749
8749
8753
8754
8755
8759
8759
8764
8768
8768
8769
8769
8771
8771
8772
8772
8774
8776
8776
8778
8778
8780
8781
8781
8782
8783
8783
8785
8786
8786
8787
8790
8791
8792
8794
8794
8794
8795
8795
8796
8797
8798
8800
8804
8806
8807
8807
8807
8808
8809
8809
8809
8810
8812
8812
8813
8813
8814
8816
8816
8817
8818
8819
8820
8820
8823
8825
8826
8827
8827
8828
8828
8829
8833
8834
8834
8834
8835
8836
8837
8838
8840
8841
8841
8842
8842
8845
8846
8849
8850
8851
8851
8851
8854
8854
8855
8855
8855
8857
8858
8860
8861
8861
8861
8862
8862
8862
8863
8864
8864
8865
8866
8869
8871
8872
8875
8877
8878
8878
8878
8878
8881
8882
8882
8883
8883
8884
8884
8885
8885
8887
8887
8888
8888
8889
8890
8890
8895
8896
8896
8897
8898
8898
8898
8901
8902
8904
8906
8906
8908
8910
8911
8914
8917
8921
8923
8924
8926
8926
8926
8926
8928
8929
8929
8930
8931
8931
8933
8934
8934
8934
8935
8937
8937
8939
8942
8944
8945
8946
8948
8950
8950
8954
8957
8959
8960
8961
8962
8963
8966
8966
8967
8969
8969
8969
8970
8970
8971
8971
8973
8975
8976
8977
8980
8981
8981
8982
8983
8984
8987
8988
8989
8993
8994
8995
8995
8995
8998
8999
9000
9001
9001
9002
9002
9002
9003
9005
9007
9007
9008
9009
9009
9011
9011
9012
9013
9013
9014
9015
9016
9017
9018
9019
9020
9021
9022
9025
9025
9028
9030
9033
9034
9034
9035
9036
9038
9038
9039
9040
9041
9044
9045
9048
9048
9051
9052
9053
9053
9056
9057
9058
9059
9059
9060
9061
9064
9066
9067
9069
9070
9071
9072
9075
9075
9075
9076
9077
9078
9078
9079
9080
9080
9081
9081
9081
9083
9087
9088
9089
9089
9089
9091
9092
9093
9093
9094
9095
9095
9096
9096
9097
9098
9100
9100
9100
9101
9103
9105
9106
9106
9107
9109
9109
9109
9110
9111
9112
9112
9113
9113
9114
9114
9115
9117
9117
9123
9125
9127
9128
9129
9133
9133
9134
9136
9137
9140
9142
9144
9144
9144
9146
9147
9147
9148
9148
9151
9151
9152
9153
9153
9155
9155
9156
9157
9160
9161
9162
9162
9163
9165
9165
9167
9167
9169
9169
9171
9171
9172
9173
9173
9174
9174
9174
9175
9176
9176
9177
9177
9179
9180
9180
9180
9182
9183
9183
9186
9186
9186
9186
9188
9189
9190
9191
9193
9194
9195
9195
9197
9197
9198
9199
9202
9202
9203
9208
9209
9210
9211
9211
9211
9214
9215
9217
9218
9218
9219
9219
9221
9221
9222
9223
9225
9225
9226
9229
9229
9231
9233
9233
9233
9235
9235
9235
9236
9236
9237
9238
9239
9240
9241
9242
9242
9243
9244
9244
9245
9246
9246
9246
9249
9250
9250
9251
9253
9255
9256
9256
9259
9261
9262
9263
9264
9264
9265
9267
9269
9273
9274
9274
9274
9274
9276
9276
9281
9282
9283
9285
9286
9288
9289
9289
9290
9291
9292
9293
9295
9295
9296
9297
9297
9298
9299
9300
9301
9301
9301
9301
9301
9304
9304
9305
9305
9306
9306
9306
9307
9307
9308
9309
9311
9313
9313
9314
9314
9314
9314
9314
9314
9320
9320
9323
9324
9324
9324
9325
9325
9325
9327
9327
9328
9328
9328
9328
9329
9331
9331
9331
9332
9334
9334
9336
9337
9337
9338
9341
9342
9344
9344
9344
9350
9351
9355
9355
9356
9359
9360
9363
9364
9365
9366
9366
9366
9366
9367
9368
9370
9370
9370
9370
9371
9373
9375
9377
9379
9379
9380
9380
9380
9382
9382
9383
9384
9384
9386
9386
9386
9387
9388
9392
9395
9395
9396
9396
9396
9397
9398
9401
9403
9403
9406
9406
9409
9409
9409
9409
9410
9411
9412
9413
9415
9416
9416
9417
9418
9419
9420
9420
9421
9422
9422
9423
9423
9424
9427
9427
9428
9429
9429
9431
9432
9433
9435
9436
9436
9437
9439
9440
9440
9441
9441
9443
9443
9443
9443
9448
9450
9451
9452
9452
9452
9453
9453
9453
9457
9457
9458
9461
9462
9462
9464
9465
9466
9468
9468
9469
9469
9470
9471
9473
9474
9476
9477
9479
9480
9480
9481
9481
9483
9483
9484
9485
9486
9488
9489
9489
9491
9492
9494
9496
9498
9498
9499
9500
9500
9501
9502
9502
9503
9503
9503
9503
9503
9504
9504
9505
9506
9506
9506
9508
9509
9510
9511
9511
9512
9512
9512
9512
9513
9514
9514
9515
9518
9519
9520
9520
9521
9522
9522
9523
9523
9523
9527
9528
9529
9531
9534
9535
9535
9536
9538
9538
9539
9540
9543
9544
9545
9545
9545
9546
9547
9547
9548
9548
9549
9549
9551
9551
9551
9553
9553
9554
9555
9556
9556
9558
9559
9559
9560
9560
9561
9562
9563
9564
9564
9565
9565
9566
9566
9567
9567
9567
9568
9569
9571
9572
9573
9573
9574
9575
9576
9577
9578
9579
9579
9580
9580
9580
9581
9583
9585
9585
9586
9587
9587
9589
9590
9590
9591
9591
9594
9594
9596
9598
9598
9600
9601
9602
9604
9605
9610
9610
9611
9612
9612
9613
9613
9613
9613
9614
9614
9616
9617
9617
9617
9617
9617
9618
9618
9621
9621
9622
9626
9626
9628
9629
9630
9630
9631
9633
9633
9633
9633
9634
9634
9635
9637
9639
9641
9643
9644
9644
9645
9645
9645
9647
9647
9649
9654
9655
9658
9659
9660
9660
9662
9664
9665
9666
9666
9666
9667
9670
9670
9671
9672
9672
9673
9673
9673
9675
9677
9678
9678
9680
9681
9682
9683
9687
9689
9689
9689
9690
9690
9692
9692
9693
9693
9694
9694
9695
9697
9697
9698
9700
9702
9703
9705
9706
9709
9709
9711
9712
9713
9716
9717
9718
9719
9719
9723
9724
9726
9726
9727
9728
9728
9730
9732
9732
9733
9733
9734
9735
9735
9735
9735
9737
9737
9738
9739
9739
9739
9740
9740
9744
9745
9745
9749
9750
9750
9751
9753
9754
9755
9756
9757
9758
9761
9763
9765
9766
9766
9767
9769
9770
9771
9771
9772
9772
9775
9776
9777
9777
9778
9781
9781
9784
9784
9784
9785
9785
9785
9786
9787
9791
9791
9792
9794
9795
9795
9796
9797
9797
9798
9798
9799
9802
9802
9802
9804
9807
9808
9810
9811
9811
9811
9812
9812
9813
9814
9816
9817
9818
9818
9819
9819
9819
9819
9820
9823
9827
9827
9828
9830
9831
9834
9837
9838
9838
9842
9844
9845
9846
9848
9849
9851
9853
9853
9853
9854
9855
9857
9857
9859
9859
9860
9861
9861
9862
9863
9864
9866
9866
9868
9870
9870
9870
9873
9875
9875
9876
9876
9877
9877
9879
9884
9885
9887
9887
9888
9894
9894
9895
9899
9900
9900
9902
9903
9904
9907
9907
9907
9908
9909
9909
9909
9910
9910
9911
9913
9916
9917
9919
9920
9926
9928
9930
9932
9932
9934
9940
9941
9942
9942
9942
9942
9943
9945
9948
9948
9948
9949
9950
9951
9952
9954
9955
9956
9957
9957
9959
9960
9962
9963
9963
9965
9965
9966
9966
9966
9966
9967
9968
9969
9970
9970
9973
9974
9974
9976
9976
9977
9977
9978
9979
9981
9982
9986
9987
9989
9989
9989
9993
9996
9997
9999
