37
137
137
154
172
177
178
297
521
537
686
761
868
883
890
900
977
1006
1060
1109
1245
1268
1524
1552
1895
1947
1957
1964
2005
2056
2153
2473
2504
2558
2592
2722
2763
2794
2984
3194
3678
3838
3971
3973
4277
4373
4504
4569
4882
4960
4988
5105
5282
5358
5585
5650
5778
5897
5995
6192
6208
6404
6549
6592
6708
6755
6774
6806
6910
7019
7081
7082
7134
7399
7461
7539
7673
7731
7836
7852
8190
8323
8480
8511
8570
8695
8711
8971
9006
9014
9277
9341
9553
9610
9747
9754
9766
9784
9800
9828
