3
4
11
23
24
39
50
70
71
72
73
76
86
92
95
101
105
120
129
140
141
147
148
155
181
196
202
209
209
218
226
226
230
236
237
241
244
257
264
264
282
285
304
308
308
316
326
326
327
328
333
340
342
352
353
356
357
364
366
370
371
379
391
405
419
421
421
426
441
462
464
469
479
490
506
521
533
536
540
551
556
568
578
587
600
600
618
629
633
661
690
699
710
713
718
731
733
733
733
737
747
749
750
766
777
824
834
840
844
853
857
873
879
882
888
896
898
902
916
938
945
946
966
967
970
981
982
986
1006
1007
1015
1017
1023
1025
1042
1047
1051
1055
1065
1088
1090
1097
1098
1108
1122
1130
1143
1146
1148
1153
1155
1155
1160
1165
1168
1177
1188
1190
1192
1207
1210
1213
1213
1221
1225
1250
1252
1275
1302
1306
1308
1310
1312
1319
1326
1326
1347
1359
1361
1363
1368
1373
1377
1383
1400
1414
1419
1421
1426
1428
1447
1461
1464
1489
1498
1501
1503
1504
1519
1531
1555
1559
1559
1566
1571
1573
1583
1588
1588
1600
1609
1613
1627
1629
1633
1634
1641
1644
1649
1653
1653
1655
1657
1661
1661
1664
1696
1697
1705
1710
1718
1719
1740
1758
1762
1768
1823
1831
1850
1883
1885
1888
1894
1895
1911
1926
1936
1939
1941
1947
1956
1960
1961
1972
1977
1983
1992
1996
2003
2007
2010
2012
2016
2018
2019
2029
2032
2034
2048
2062
2066
2073
2084
2100
2113
2116
2124
2126
2130
2151
2159
2165
2167
2190
2191
2214
2233
2233
2247
2253
2254
2259
2274
2276
2280
2282
2300
2302
2303
2303
2308
2334
2334
2340
2341
2341
2346
2373
2374
2382
2388
2395
2403
2423
2424
2437
2456
2467
2477
2482
2484
2496
2508
2526
2529
2535
2542
2542
2561
2598
2623
2627
2631
2651
2655
2658
2659
2664
2665
2669
2689
2691
2691
2694
2704
2754
2763
2768
2846
2875
2905
2932
2949
2950
2997
3001
3002
3003
3013
3025
3066
3077
3093
3125
3126
3142
3155
3155
3192
3193
3209
3214
3218
3227
3258
3263
3264
3289
3294
3300
3315
3331
3353
3355
3356
3359
3369
3370
3390
3397
3401
3405
3413
3415
3423
3455
3484
3501
3583
3593
3594
3595
3604
3616
3622
3630
3650
3662
3680
3681
3687
3695
3714
3722
3723
3753
3760
3770
3784
3827
3827
3843
3854
3878
3881
3890
3910
3911
3933
3936
3938
3970
3975
3977
3986
3991
4011
4021
4021
4029
4057
4105
4109
4114
4125
4144
4145
4145
4189
4194
4202
4212
4223
4229
4267
4268
4276
4277
4290
4308
4333
4336
4352
4362
4398
4408
4461
4462
4470
4471
4477
4479
4483
4494
4500
4513
4515
4519
4522
4527
4532
4537
4557
4558
4563
4569
4599
4610
4612
4634
4639
4641
4663
4683
4689
4714
4725
4770
4777
4779
4790
4793
4793
4794
4811
4858
4877
4897
4910
4912
4927
4929
4930
4931
4932
4944
4954
4960
4960
4963
4967
4968
4982
4985
4986
4999
5010
5012
5013
5013
5018
5021
5026
5029
5040
5075
5076
5086
5086
5102
5138
5142
5169
5185
5192
5199
5220
5233
5234
5236
5260
5263
5266
5296
5297
5301
5302
5302
5305
5317
5339
5359
5364
5369
5385
5389
5411
5419
5424
5426
5481
5522
5523
5576
5590
5594
5594
5606
5612
5624
5628
5633
5634
5643
5647
5658
5660
5670
5671
5697
5697
5701
5706
5707
5743
5763
5781
5802
5818
5831
5836
5844
5847
5852
5860
5873
5892
5898
5898
5901
5917
5923
5931
5933
5958
5964
5967
5989
5994
6012
6012
6036
6052
6055
6060
6062
6069
6072
6079
6120
6123
6148
6159
6175
6198
6213
6231
6234
6242
6252
6261
6280
6282
6294
6304
6331
6341
6360
6391
6394
6403
6411
6421
6424
6429
6432
6479
6510
6532
6550
6552
6554
6554
6576
6578
6583
6585
6591
6595
6596
6598
6619
6624
6633
6642
6658
6664
6666
6669
6672
6675
6706
6718
6728
6734
6753
6768
6789
6800
6802
6823
6831
6844
6849
6854
6864
6869
6886
6889
6895
6896
6911
6916
6922
6924
6958
6960
6975
6990
6996
7023
7039
7040
7041
7044
7048
7092
7117
7146
7151
7180
7181
7189
7191
7194
7211
7226
7246
7252
7260
7267
7284
7288
7296
7299
7316
7318
7326
7333
7334
7338
7348
7359
7377
7381
7396
7402
7422
7425
7437
7445
7460
7487
7511
7513
7528
7546
7548
7552
7557
7588
7594
7618
7621
7623
7631
7638
7644
7646
7652
7654
7662
7673
7676
7678
7696
7717
7734
7737
7744
7756
7757
7761
7768
7774
7789
7793
7808
7808
7812
7813
7823
7825
7826
7834
7834
7877
7877
7885
7895
7896
7906
7917
7918
7949
7959
7961
7966
7978
7992
8005
8010
8021
8027
8027
8041
8052
8057
8059
8060
8067
8074
8076
8078
8080
8092
8100
8110
8130
8130
8131
8136
8153
8153
8168
8168
8173
8174
8176
8194
8199
8203
8240
8259
8265
8268
8270
8272
8272
8280
8283
8299
8339
8343
8350
8351
8354
8356
8364
8368
8375
8397
8411
8429
8431
8437
8439
8448
8478
8499
8522
8528
8541
8563
8564
8589
8601
8614
8639
8647
8669
8674
8689
8724
8725
8735
8746
8753
8761
8786
8787
8800
8814
8817
8855
8866
8879
8882
8886
8891
8949
8964
8975
8997
9000
9025
9027
9034
9036
9049
9052
9072
9092
9097
9098
9108
9111
9114
9121
9121
9136
9137
9146
9146
9161
9164
9172
9182
9199
9207
9207
9238
9244
9260
9262
9270
9274
9288
9301
9310
9319
9323
9323
9325
9325
9334
9343
9355
9357
9364
9372
9372
9377
9379
9379
9381
9406
9435
9442
9444
9452
9453
9461
9485
9497
9498
9516
9526
9535
9537
9537
9539
9544
9565
9573
9575
9585
9589
9594
9620
9644
9663
9680
9737
9748
9759
9786
9815
9825
9830
9838
9851
9862
9874
9894
9912
9917
9918
9963
9978
